epidemiological_week,date,order_for_place,state,city,city_ibge_code,place_type,last_available_confirmed,last_available_confirmed_per_100k_inhabitants,new_confirmed,last_available_deaths,new_deaths,last_available_death_rate,estimated_population_2019,is_last,is_repeated
33,2020-08-13,141,RJ,Belford Roxo,3300456,city,3617,707.95802,0,227,0,0.0628,510906,False,True
33,2020-08-12,140,RJ,Belford Roxo,3300456,city,3617,707.95802,71,227,3,0.0628,510906,True,False
33,2020-08-11,139,RJ,Belford Roxo,3300456,city,3546,694.06114,70,224,1,0.0632,510906,False,False
33,2020-08-10,138,RJ,Belford Roxo,3300456,city,3476,680.35999,138,223,0,0.0642,510906,False,False
33,2020-08-09,137,RJ,Belford Roxo,3300456,city,3338,653.34915,15,223,0,0.0668,510906,False,False
32,2020-08-08,136,RJ,Belford Roxo,3300456,city,3323,650.41319,688,223,0,0.0671,510906,False,False
32,2020-08-07,135,RJ,Belford Roxo,3300456,city,2635,515.75045,12,223,1,0.0846,510906,False,False
32,2020-08-06,134,RJ,Belford Roxo,3300456,city,2623,513.40168,43,222,1,0.0846,510906,False,False
32,2020-08-05,133,RJ,Belford Roxo,3300456,city,2580,504.98526,258,221,5,0.0857,510906,False,False
32,2020-08-04,132,RJ,Belford Roxo,3300456,city,2322,454.48674,7,216,6,0.093,510906,False,False
32,2020-08-03,131,RJ,Belford Roxo,3300456,city,2315,453.11662,110,210,1,0.0907,510906,False,False
32,2020-08-02,130,RJ,Belford Roxo,3300456,city,2205,431.58624,0,209,0,0.0948,510906,False,False
31,2020-08-01,129,RJ,Belford Roxo,3300456,city,2205,431.58624,55,209,0,0.0948,510906,False,False
31,2020-07-31,128,RJ,Belford Roxo,3300456,city,2150,420.82105,49,209,0,0.0972,510906,False,False
31,2020-07-30,127,RJ,Belford Roxo,3300456,city,2101,411.23025,21,209,3,0.0995,510906,False,False
31,2020-07-29,126,RJ,Belford Roxo,3300456,city,2080,407.1199,34,206,1,0.099,510906,False,False
31,2020-07-28,125,RJ,Belford Roxo,3300456,city,2046,400.46506,15,205,-1,0.1002,510906,False,False
31,2020-07-27,124,RJ,Belford Roxo,3300456,city,2031,397.5291,9,206,0,0.1014,510906,False,False
31,2020-07-26,123,RJ,Belford Roxo,3300456,city,2022,395.76752,1,206,1,0.1019,510906,False,False
30,2020-07-25,122,RJ,Belford Roxo,3300456,city,2021,395.57179,8,205,1,0.1014,510906,False,False
30,2020-07-24,121,RJ,Belford Roxo,3300456,city,2013,394.00594,89,204,2,0.1013,510906,False,False
30,2020-07-23,120,RJ,Belford Roxo,3300456,city,1924,376.58591,19,202,1,0.105,510906,False,False
30,2020-07-22,119,RJ,Belford Roxo,3300456,city,1905,372.86702,87,201,2,0.1055,510906,False,False
30,2020-07-21,118,RJ,Belford Roxo,3300456,city,1818,355.83845,138,199,4,0.1095,510906,False,False
30,2020-07-20,117,RJ,Belford Roxo,3300456,city,1680,328.82761,21,195,1,0.1161,510906,False,False
30,2020-07-19,116,RJ,Belford Roxo,3300456,city,1659,324.71727,21,194,1,0.1169,510906,False,False
29,2020-07-18,115,RJ,Belford Roxo,3300456,city,1638,320.60692,0,193,0,0.1178,510906,False,True
29,2020-07-17,114,RJ,Belford Roxo,3300456,city,1638,320.60692,10,193,0,0.1178,510906,False,False
29,2020-07-16,113,RJ,Belford Roxo,3300456,city,1628,318.64961,0,193,0,0.1186,510906,False,False
29,2020-07-15,112,RJ,Belford Roxo,3300456,city,1628,318.64961,21,193,3,0.1186,510906,False,False
29,2020-07-14,111,RJ,Belford Roxo,3300456,city,1607,314.53927,6,190,2,0.1182,510906,False,False
29,2020-07-13,110,RJ,Belford Roxo,3300456,city,1601,313.36489,20,188,0,0.1174,510906,False,False
29,2020-07-12,109,RJ,Belford Roxo,3300456,city,1581,309.45027,0,188,0,0.1189,510906,False,False
28,2020-07-11,108,RJ,Belford Roxo,3300456,city,1581,309.45027,2,188,1,0.1189,510906,False,False
28,2020-07-10,107,RJ,Belford Roxo,3300456,city,1579,309.05881,3,187,1,0.1184,510906,False,False
28,2020-07-09,106,RJ,Belford Roxo,3300456,city,1576,308.47162,3,186,2,0.118,510906,False,False
28,2020-07-08,105,RJ,Belford Roxo,3300456,city,1573,307.88442,28,184,0,0.117,510906,False,False
28,2020-07-07,104,RJ,Belford Roxo,3300456,city,1545,302.40396,17,184,1,0.1191,510906,False,False
28,2020-07-06,103,RJ,Belford Roxo,3300456,city,1528,299.07654,4,183,1,0.1198,510906,False,False
28,2020-07-05,102,RJ,Belford Roxo,3300456,city,1524,298.29362,4,182,1,0.1194,510906,False,False
27,2020-07-04,101,RJ,Belford Roxo,3300456,city,1520,297.5107,19,181,1,0.1191,510906,False,False
27,2020-07-03,100,RJ,Belford Roxo,3300456,city,1501,293.79181,15,180,0,0.1199,510906,False,False
27,2020-07-02,99,RJ,Belford Roxo,3300456,city,1486,290.85585,26,180,3,0.1211,510906,False,False
27,2020-07-01,98,RJ,Belford Roxo,3300456,city,1460,285.76685,32,177,0,0.1212,510906,False,False
27,2020-06-30,97,RJ,Belford Roxo,3300456,city,1428,279.50347,5,177,2,0.1239,510906,False,False
27,2020-06-29,96,RJ,Belford Roxo,3300456,city,1423,278.52482,5,175,0,0.123,510906,False,False
27,2020-06-28,95,RJ,Belford Roxo,3300456,city,1418,277.54616,14,175,0,0.1234,510906,False,False
26,2020-06-27,94,RJ,Belford Roxo,3300456,city,1404,274.80593,0,175,3,0.1246,510906,False,False
26,2020-06-26,93,RJ,Belford Roxo,3300456,city,1404,274.80593,25,172,2,0.1225,510906,False,False
26,2020-06-25,92,RJ,Belford Roxo,3300456,city,1379,269.91266,24,170,7,0.1233,510906,False,False
26,2020-06-24,91,RJ,Belford Roxo,3300456,city,1355,265.21513,26,163,0,0.1203,510906,False,False
26,2020-06-23,90,RJ,Belford Roxo,3300456,city,1329,260.12613,35,163,1,0.1226,510906,False,False
26,2020-06-22,89,RJ,Belford Roxo,3300456,city,1294,253.27555,26,162,1,0.1252,510906,False,False
26,2020-06-21,88,RJ,Belford Roxo,3300456,city,1268,248.18655,30,161,0,0.127,510906,False,False
25,2020-06-20,87,RJ,Belford Roxo,3300456,city,1238,242.31463,13,161,2,0.13,510906,False,False
25,2020-06-19,86,RJ,Belford Roxo,3300456,city,1225,239.77013,64,159,2,0.1298,510906,False,False
25,2020-06-18,85,RJ,Belford Roxo,3300456,city,1161,227.24337,4,157,5,0.1352,510906,False,False
25,2020-06-17,84,RJ,Belford Roxo,3300456,city,1157,226.46044,35,152,1,0.1314,510906,False,False
25,2020-06-16,83,RJ,Belford Roxo,3300456,city,1122,219.60987,28,151,2,0.1346,510906,False,False
25,2020-06-15,82,RJ,Belford Roxo,3300456,city,1094,214.12941,6,149,0,0.1362,510906,False,False
25,2020-06-14,81,RJ,Belford Roxo,3300456,city,1088,212.95502,8,149,1,0.1369,510906,False,False
24,2020-06-13,80,RJ,Belford Roxo,3300456,city,1080,211.38918,29,148,2,0.137,510906,False,False
24,2020-06-12,79,RJ,Belford Roxo,3300456,city,1051,205.71299,25,146,1,0.1389,510906,False,False
24,2020-06-11,78,RJ,Belford Roxo,3300456,city,1026,200.81972,13,145,9,0.1413,510906,False,False
24,2020-06-10,77,RJ,Belford Roxo,3300456,city,1013,198.27522,-4,136,0,0.1343,510906,False,False
24,2020-06-09,76,RJ,Belford Roxo,3300456,city,1017,199.05814,77,136,4,0.1337,510906,False,False
24,2020-06-08,75,RJ,Belford Roxo,3300456,city,940,183.98688,3,132,4,0.1404,510906,False,False
24,2020-06-07,74,RJ,Belford Roxo,3300456,city,937,183.39969,67,128,1,0.1366,510906,False,False
23,2020-06-06,73,RJ,Belford Roxo,3300456,city,870,170.28573,14,127,4,0.146,510906,False,False
23,2020-06-05,72,RJ,Belford Roxo,3300456,city,856,167.5455,21,123,1,0.1437,510906,False,False
23,2020-06-04,71,RJ,Belford Roxo,3300456,city,835,163.43515,29,122,11,0.1461,510906,False,False
23,2020-06-03,70,RJ,Belford Roxo,3300456,city,806,157.75896,22,111,4,0.1377,510906,False,False
23,2020-06-02,69,RJ,Belford Roxo,3300456,city,784,153.45289,60,107,5,0.1365,510906,False,False
23,2020-06-01,68,RJ,Belford Roxo,3300456,city,724,141.70904,13,102,1,0.1409,510906,False,False
23,2020-05-31,67,RJ,Belford Roxo,3300456,city,711,139.16454,16,101,4,0.1421,510906,False,False
22,2020-05-30,66,RJ,Belford Roxo,3300456,city,695,136.03285,94,97,1,0.1396,510906,False,False
22,2020-05-29,65,RJ,Belford Roxo,3300456,city,601,117.63416,30,96,3,0.1597,510906,False,False
22,2020-05-28,64,RJ,Belford Roxo,3300456,city,571,111.76224,2,93,3,0.1629,510906,False,False
22,2020-05-27,63,RJ,Belford Roxo,3300456,city,569,111.37078,4,90,4,0.1582,510906,False,False
22,2020-05-26,62,RJ,Belford Roxo,3300456,city,565,110.58786,11,86,1,0.1522,510906,False,False
22,2020-05-25,61,RJ,Belford Roxo,3300456,city,554,108.43482,42,85,11,0.1534,510906,False,False
22,2020-05-24,60,RJ,Belford Roxo,3300456,city,512,100.21413,0,74,1,0.1445,510906,False,False
21,2020-05-23,59,RJ,Belford Roxo,3300456,city,512,100.21413,5,73,5,0.1426,510906,False,False
21,2020-05-22,58,RJ,Belford Roxo,3300456,city,507,99.23548,6,68,8,0.1341,510906,False,False
21,2020-05-21,57,RJ,Belford Roxo,3300456,city,501,98.06109,3,60,3,0.1198,510906,False,False
21,2020-05-20,56,RJ,Belford Roxo,3300456,city,498,97.4739,2,57,3,0.1145,510906,False,False
21,2020-05-19,55,RJ,Belford Roxo,3300456,city,496,97.08244,2,54,2,0.1089,510906,False,False
21,2020-05-18,54,RJ,Belford Roxo,3300456,city,494,96.69098,121,52,1,0.1053,510906,False,False
21,2020-05-17,53,RJ,Belford Roxo,3300456,city,373,73.00756,2,51,2,0.1367,510906,False,False
20,2020-05-16,52,RJ,Belford Roxo,3300456,city,371,72.6161,3,49,2,0.1321,510906,False,False
20,2020-05-15,51,RJ,Belford Roxo,3300456,city,368,72.02891,3,47,3,0.1277,510906,False,False
20,2020-05-14,50,RJ,Belford Roxo,3300456,city,365,71.44171,41,44,5,0.1205,510906,False,False
20,2020-05-13,49,RJ,Belford Roxo,3300456,city,324,63.41675,0,39,0,0.1204,510906,False,False
20,2020-05-12,48,RJ,Belford Roxo,3300456,city,324,63.41675,16,39,3,0.1204,510906,False,False
20,2020-05-11,47,RJ,Belford Roxo,3300456,city,308,60.28506,26,36,4,0.1169,510906,False,False
20,2020-05-10,46,RJ,Belford Roxo,3300456,city,282,55.19606,-11,32,1,0.1135,510906,False,False
19,2020-05-09,45,RJ,Belford Roxo,3300456,city,293,57.3491,26,31,8,0.1058,510906,False,False
19,2020-05-08,44,RJ,Belford Roxo,3300456,city,267,52.2601,40,23,2,0.0861,510906,False,False
19,2020-05-07,43,RJ,Belford Roxo,3300456,city,227,44.43087,23,21,4,0.0925,510906,False,False
19,2020-05-06,42,RJ,Belford Roxo,3300456,city,204,39.92907,4,17,0,0.0833,510906,False,False
19,2020-05-05,41,RJ,Belford Roxo,3300456,city,200,39.14614,5,17,1,0.085,510906,False,False
19,2020-05-04,40,RJ,Belford Roxo,3300456,city,195,38.16749,2,16,1,0.0821,510906,False,False
19,2020-05-03,39,RJ,Belford Roxo,3300456,city,193,37.77603,14,15,2,0.0777,510906,False,False
18,2020-05-02,38,RJ,Belford Roxo,3300456,city,179,35.0358,1,13,3,0.0726,510906,False,False
18,2020-05-01,37,RJ,Belford Roxo,3300456,city,178,34.84007,13,10,0,0.0562,510906,False,False
18,2020-04-30,36,RJ,Belford Roxo,3300456,city,165,32.29557,5,10,1,0.0606,510906,False,False
18,2020-04-29,35,RJ,Belford Roxo,3300456,city,160,31.31692,2,9,1,0.0563,510906,False,False
18,2020-04-28,34,RJ,Belford Roxo,3300456,city,158,30.92545,9,8,0,0.0506,510906,False,False
18,2020-04-27,33,RJ,Belford Roxo,3300456,city,149,29.16388,3,8,0,0.0537,510906,False,False
18,2020-04-26,32,RJ,Belford Roxo,3300456,city,146,28.57669,29,8,0,0.0548,510906,False,False
17,2020-04-25,31,RJ,Belford Roxo,3300456,city,117,22.90049,11,8,0,0.0684,510906,False,False
17,2020-04-24,30,RJ,Belford Roxo,3300456,city,106,20.74746,2,8,1,0.0755,510906,False,False
17,2020-04-23,29,RJ,Belford Roxo,3300456,city,104,20.356,20,7,0,0.0673,510906,False,False
17,2020-04-22,28,RJ,Belford Roxo,3300456,city,84,16.44138,6,7,0,0.0833,510906,False,False
17,2020-04-21,27,RJ,Belford Roxo,3300456,city,78,15.267,3,7,0,0.0897,510906,False,False
17,2020-04-20,26,RJ,Belford Roxo,3300456,city,75,14.6798,6,7,0,0.0933,510906,False,False
17,2020-04-19,25,RJ,Belford Roxo,3300456,city,69,13.50542,6,7,1,0.1014,510906,False,False
16,2020-04-18,24,RJ,Belford Roxo,3300456,city,63,12.33104,5,6,2,0.0952,510906,False,False
16,2020-04-17,23,RJ,Belford Roxo,3300456,city,58,11.35238,4,4,1,0.069,510906,False,False
16,2020-04-16,22,RJ,Belford Roxo,3300456,city,54,10.56946,0,3,0,0.0556,510906,False,False
16,2020-04-15,21,RJ,Belford Roxo,3300456,city,54,10.56946,2,3,0,0.0556,510906,False,False
16,2020-04-14,20,RJ,Belford Roxo,3300456,city,52,10.178,5,3,0,0.0577,510906,False,False
16,2020-04-13,19,RJ,Belford Roxo,3300456,city,47,9.19934,1,3,0,0.0638,510906,False,False
16,2020-04-12,18,RJ,Belford Roxo,3300456,city,46,9.00361,17,3,0,0.0652,510906,False,False
15,2020-04-11,17,RJ,Belford Roxo,3300456,city,29,5.67619,1,3,0,0.1034,510906,False,False
15,2020-04-10,16,RJ,Belford Roxo,3300456,city,28,5.48046,0,3,0,0.1071,510906,False,False
15,2020-04-09,15,RJ,Belford Roxo,3300456,city,28,5.48046,5,3,0,0.1071,510906,False,False
15,2020-04-08,14,RJ,Belford Roxo,3300456,city,23,4.50181,4,3,0,0.1304,510906,False,False
15,2020-04-07,13,RJ,Belford Roxo,3300456,city,19,3.71888,5,3,0,0.1579,510906,False,False
15,2020-04-06,12,RJ,Belford Roxo,3300456,city,14,2.74023,-1,3,1,0.2143,510906,False,False
15,2020-04-05,11,RJ,Belford Roxo,3300456,city,15,2.93596,8,2,0,0.1333,510906,False,False
14,2020-04-04,10,RJ,Belford Roxo,3300456,city,7,1.37012,4,2,1,0.2857,510906,False,False
14,2020-04-03,9,RJ,Belford Roxo,3300456,city,3,0.58719,0,1,0,0.3333,510906,False,False
14,2020-04-02,8,RJ,Belford Roxo,3300456,city,3,0.58719,0,1,1,0.3333,510906,False,False
14,2020-04-01,7,RJ,Belford Roxo,3300456,city,3,0.58719,1,0,0,0.0,510906,False,False
14,2020-03-31,6,RJ,Belford Roxo,3300456,city,2,0.39146,0,0,0,0.0,510906,False,False
14,2020-03-30,5,RJ,Belford Roxo,3300456,city,2,0.39146,0,0,0,0.0,510906,False,False
14,2020-03-29,4,RJ,Belford Roxo,3300456,city,2,0.39146,1,0,0,0.0,510906,False,False
13,2020-03-28,3,RJ,Belford Roxo,3300456,city,1,0.19573,0,0,0,0.0,510906,False,False
13,2020-03-27,2,RJ,Belford Roxo,3300456,city,1,0.19573,0,0,0,0.0,510906,False,False
13,2020-03-26,1,RJ,Belford Roxo,3300456,city,1,0.19573,1,0,0,0.0,510906,False,False
