epidemiological_week,date,order_for_place,state,city,city_ibge_code,place_type,last_available_confirmed,last_available_confirmed_per_100k_inhabitants,new_confirmed,last_available_deaths,new_deaths,last_available_death_rate,estimated_population_2019,is_last,is_repeated
33,2020-08-13,134,RJ,Mesquita,3302858,city,1070,607.59896,0,144,0,0.1346,176103,False,True
33,2020-08-12,133,RJ,Mesquita,3302858,city,1070,607.59896,3,144,0,0.1346,176103,True,False
33,2020-08-11,132,RJ,Mesquita,3302858,city,1067,605.89541,2,144,0,0.135,176103,False,False
33,2020-08-10,131,RJ,Mesquita,3302858,city,1065,604.75971,9,144,0,0.1352,176103,False,False
33,2020-08-09,130,RJ,Mesquita,3302858,city,1056,599.64907,0,144,0,0.1364,176103,False,False
32,2020-08-08,129,RJ,Mesquita,3302858,city,1056,599.64907,7,144,1,0.1364,176103,False,False
32,2020-08-07,128,RJ,Mesquita,3302858,city,1049,595.67412,16,143,1,0.1363,176103,False,False
32,2020-08-06,127,RJ,Mesquita,3302858,city,1033,586.58853,6,142,1,0.1375,176103,False,False
32,2020-08-05,126,RJ,Mesquita,3302858,city,1027,583.18143,20,141,1,0.1373,176103,False,False
32,2020-08-04,125,RJ,Mesquita,3302858,city,1007,571.82444,2,140,2,0.139,176103,False,False
32,2020-08-03,124,RJ,Mesquita,3302858,city,1005,570.68874,2,138,2,0.1373,176103,False,False
32,2020-08-02,123,RJ,Mesquita,3302858,city,1003,569.55305,0,136,0,0.1356,176103,False,False
31,2020-08-01,122,RJ,Mesquita,3302858,city,1003,569.55305,18,136,1,0.1356,176103,False,False
31,2020-07-31,121,RJ,Mesquita,3302858,city,985,559.33175,19,135,0,0.1371,176103,False,False
31,2020-07-30,120,RJ,Mesquita,3302858,city,966,548.54261,13,135,7,0.1398,176103,False,False
31,2020-07-29,119,RJ,Mesquita,3302858,city,953,541.16057,11,128,4,0.1343,176103,False,False
31,2020-07-28,118,RJ,Mesquita,3302858,city,942,534.91423,4,124,-1,0.1316,176103,False,False
31,2020-07-27,117,RJ,Mesquita,3302858,city,938,532.64283,0,125,0,0.1333,176103,False,False
31,2020-07-26,116,RJ,Mesquita,3302858,city,938,532.64283,0,125,0,0.1333,176103,False,False
30,2020-07-25,115,RJ,Mesquita,3302858,city,938,532.64283,8,125,2,0.1333,176103,False,False
30,2020-07-24,114,RJ,Mesquita,3302858,city,930,528.10003,5,123,2,0.1323,176103,False,False
30,2020-07-23,113,RJ,Mesquita,3302858,city,925,525.26078,11,121,1,0.1308,176103,False,False
30,2020-07-22,112,RJ,Mesquita,3302858,city,914,519.01444,9,120,0,0.1313,176103,False,False
30,2020-07-21,111,RJ,Mesquita,3302858,city,905,513.90379,68,120,3,0.1326,176103,False,False
30,2020-07-20,110,RJ,Mesquita,3302858,city,837,475.29003,15,117,1,0.1398,176103,False,False
30,2020-07-19,109,RJ,Mesquita,3302858,city,822,466.77229,6,116,0,0.1411,176103,False,False
29,2020-07-18,108,RJ,Mesquita,3302858,city,816,463.36519,0,116,0,0.1422,176103,False,True
29,2020-07-17,107,RJ,Mesquita,3302858,city,816,463.36519,0,116,0,0.1422,176103,False,False
29,2020-07-16,106,RJ,Mesquita,3302858,city,816,463.36519,0,116,0,0.1422,176103,False,False
29,2020-07-15,105,RJ,Mesquita,3302858,city,816,463.36519,10,116,1,0.1422,176103,False,False
29,2020-07-14,104,RJ,Mesquita,3302858,city,806,457.68669,1,115,0,0.1427,176103,False,False
29,2020-07-13,103,RJ,Mesquita,3302858,city,805,457.11885,9,115,0,0.1429,176103,False,False
29,2020-07-12,102,RJ,Mesquita,3302858,city,796,452.0082,0,115,0,0.1445,176103,False,False
28,2020-07-11,101,RJ,Mesquita,3302858,city,796,452.0082,4,115,2,0.1445,176103,False,False
28,2020-07-10,100,RJ,Mesquita,3302858,city,792,449.7368,3,113,1,0.1427,176103,False,False
28,2020-07-09,99,RJ,Mesquita,3302858,city,789,448.03325,0,112,0,0.142,176103,False,False
28,2020-07-08,98,RJ,Mesquita,3302858,city,789,448.03325,7,112,0,0.142,176103,False,False
28,2020-07-07,97,RJ,Mesquita,3302858,city,782,444.05831,7,112,1,0.1432,176103,False,False
28,2020-07-06,96,RJ,Mesquita,3302858,city,775,440.08336,0,111,0,0.1432,176103,False,False
28,2020-07-05,95,RJ,Mesquita,3302858,city,775,440.08336,3,111,0,0.1432,176103,False,False
27,2020-07-04,94,RJ,Mesquita,3302858,city,772,438.37981,4,111,1,0.1438,176103,False,False
27,2020-07-03,93,RJ,Mesquita,3302858,city,768,436.10841,9,110,1,0.1432,176103,False,False
27,2020-07-02,92,RJ,Mesquita,3302858,city,759,430.99777,4,109,1,0.1436,176103,False,False
27,2020-07-01,91,RJ,Mesquita,3302858,city,755,428.72637,14,108,1,0.143,176103,False,False
27,2020-06-30,90,RJ,Mesquita,3302858,city,741,420.77648,2,107,1,0.1444,176103,False,False
27,2020-06-29,89,RJ,Mesquita,3302858,city,739,419.64078,1,106,0,0.1434,176103,False,False
27,2020-06-28,88,RJ,Mesquita,3302858,city,738,419.07293,5,106,0,0.1436,176103,False,False
26,2020-06-27,87,RJ,Mesquita,3302858,city,733,416.23368,2,106,1,0.1446,176103,False,False
26,2020-06-26,86,RJ,Mesquita,3302858,city,731,415.09798,13,105,0,0.1436,176103,False,False
26,2020-06-25,85,RJ,Mesquita,3302858,city,718,407.71594,15,105,2,0.1462,176103,False,False
26,2020-06-24,84,RJ,Mesquita,3302858,city,703,399.1982,25,103,0,0.1465,176103,False,False
26,2020-06-23,83,RJ,Mesquita,3302858,city,678,385.00196,14,103,2,0.1519,176103,False,False
26,2020-06-22,82,RJ,Mesquita,3302858,city,664,377.05207,10,101,1,0.1521,176103,False,False
26,2020-06-21,81,RJ,Mesquita,3302858,city,654,371.37357,7,100,0,0.1529,176103,False,False
25,2020-06-20,80,RJ,Mesquita,3302858,city,647,367.39862,12,100,1,0.1546,176103,False,False
25,2020-06-19,79,RJ,Mesquita,3302858,city,635,360.58443,42,99,2,0.1559,176103,False,False
25,2020-06-18,78,RJ,Mesquita,3302858,city,593,336.73475,2,97,2,0.1636,176103,False,False
25,2020-06-17,77,RJ,Mesquita,3302858,city,591,335.59905,23,95,0,0.1607,176103,False,False
25,2020-06-16,76,RJ,Mesquita,3302858,city,568,322.53851,23,95,2,0.1673,176103,False,False
25,2020-06-15,75,RJ,Mesquita,3302858,city,545,309.47798,1,93,0,0.1706,176103,False,False
25,2020-06-14,74,RJ,Mesquita,3302858,city,544,308.91013,10,93,7,0.171,176103,False,False
24,2020-06-13,73,RJ,Mesquita,3302858,city,534,303.23163,-32,86,8,0.161,176103,False,False
24,2020-06-12,72,RJ,Mesquita,3302858,city,566,321.40282,-40,78,2,0.1378,176103,False,False
24,2020-06-11,71,RJ,Mesquita,3302858,city,606,344.1168,-43,76,5,0.1254,176103,False,False
24,2020-06-10,70,RJ,Mesquita,3302858,city,649,368.53432,0,71,1,0.1094,176103,False,False
24,2020-06-09,69,RJ,Mesquita,3302858,city,649,368.53432,1,70,1,0.1079,176103,False,False
24,2020-06-08,68,RJ,Mesquita,3302858,city,648,367.96647,43,69,0,0.1065,176103,False,False
24,2020-06-07,67,RJ,Mesquita,3302858,city,605,343.54895,38,69,-1,0.114,176103,False,False
23,2020-06-06,66,RJ,Mesquita,3302858,city,567,321.97066,10,70,2,0.1235,176103,False,False
23,2020-06-05,65,RJ,Mesquita,3302858,city,557,316.29217,12,68,1,0.1221,176103,False,False
23,2020-06-04,64,RJ,Mesquita,3302858,city,545,309.47798,16,67,3,0.1229,176103,False,False
23,2020-06-03,63,RJ,Mesquita,3302858,city,529,300.39238,17,64,0,0.121,176103,False,False
23,2020-06-02,62,RJ,Mesquita,3302858,city,512,290.73894,1,64,1,0.125,176103,False,False
23,2020-06-01,61,RJ,Mesquita,3302858,city,511,290.17109,9,63,2,0.1233,176103,False,False
23,2020-05-31,60,RJ,Mesquita,3302858,city,502,285.06045,31,61,2,0.1215,176103,False,False
22,2020-05-30,59,RJ,Mesquita,3302858,city,471,267.45711,-23,59,5,0.1253,176103,False,False
22,2020-05-29,58,RJ,Mesquita,3302858,city,494,280.51765,53,54,0,0.1093,176103,False,False
22,2020-05-28,57,RJ,Mesquita,3302858,city,441,250.42163,4,54,4,0.1224,176103,False,False
22,2020-05-27,56,RJ,Mesquita,3302858,city,437,248.15023,2,50,2,0.1144,176103,False,False
22,2020-05-26,55,RJ,Mesquita,3302858,city,435,247.01453,6,48,2,0.1103,176103,False,False
22,2020-05-25,54,RJ,Mesquita,3302858,city,429,243.60743,16,46,0,0.1072,176103,False,False
22,2020-05-24,53,RJ,Mesquita,3302858,city,413,234.52184,0,46,0,0.1114,176103,False,False
21,2020-05-23,52,RJ,Mesquita,3302858,city,413,234.52184,1,46,1,0.1114,176103,False,False
21,2020-05-22,51,RJ,Mesquita,3302858,city,412,233.95399,1,45,1,0.1092,176103,False,False
21,2020-05-21,50,RJ,Mesquita,3302858,city,411,233.38614,1,44,1,0.1071,176103,False,False
21,2020-05-20,49,RJ,Mesquita,3302858,city,410,232.81829,1,43,1,0.1049,176103,False,False
21,2020-05-19,48,RJ,Mesquita,3302858,city,409,232.25044,2,42,2,0.1027,176103,False,False
21,2020-05-18,47,RJ,Mesquita,3302858,city,407,231.11475,72,40,0,0.0983,176103,False,False
21,2020-05-17,46,RJ,Mesquita,3302858,city,335,190.22958,0,40,0,0.1194,176103,False,False
20,2020-05-16,45,RJ,Mesquita,3302858,city,335,190.22958,1,40,2,0.1194,176103,False,False
20,2020-05-15,44,RJ,Mesquita,3302858,city,334,189.66173,13,38,13,0.1138,176103,False,False
20,2020-05-14,43,RJ,Mesquita,3302858,city,321,182.27969,26,25,0,0.0779,176103,False,False
20,2020-05-13,42,RJ,Mesquita,3302858,city,295,167.5156,0,25,0,0.0847,176103,False,False
20,2020-05-12,41,RJ,Mesquita,3302858,city,295,167.5156,13,25,2,0.0847,176103,False,False
20,2020-05-11,40,RJ,Mesquita,3302858,city,282,160.13356,64,23,0,0.0816,176103,False,False
20,2020-05-10,39,RJ,Mesquita,3302858,city,218,123.79119,-5,23,1,0.1055,176103,False,False
19,2020-05-09,38,RJ,Mesquita,3302858,city,223,126.63044,11,22,2,0.0987,176103,False,False
19,2020-05-08,37,RJ,Mesquita,3302858,city,212,120.38409,15,20,2,0.0943,176103,False,False
19,2020-05-07,36,RJ,Mesquita,3302858,city,197,111.86635,12,18,2,0.0914,176103,False,False
19,2020-05-06,35,RJ,Mesquita,3302858,city,185,105.05216,5,16,1,0.0865,176103,False,False
19,2020-05-05,34,RJ,Mesquita,3302858,city,180,102.21291,2,15,0,0.0833,176103,False,False
19,2020-05-04,33,RJ,Mesquita,3302858,city,178,101.07721,3,15,0,0.0843,176103,False,False
19,2020-05-03,32,RJ,Mesquita,3302858,city,175,99.37366,6,15,0,0.0857,176103,False,False
18,2020-05-02,31,RJ,Mesquita,3302858,city,169,95.96657,5,15,2,0.0888,176103,False,False
18,2020-05-01,30,RJ,Mesquita,3302858,city,164,93.12732,10,13,0,0.0793,176103,False,False
18,2020-04-30,29,RJ,Mesquita,3302858,city,154,87.44882,9,13,1,0.0844,176103,False,False
18,2020-04-29,28,RJ,Mesquita,3302858,city,145,82.33818,3,12,1,0.0828,176103,False,False
18,2020-04-28,27,RJ,Mesquita,3302858,city,142,80.63463,9,11,0,0.0775,176103,False,False
18,2020-04-27,26,RJ,Mesquita,3302858,city,133,75.52398,1,11,1,0.0827,176103,False,False
18,2020-04-26,25,RJ,Mesquita,3302858,city,132,74.95613,32,10,0,0.0758,176103,False,False
17,2020-04-25,24,RJ,Mesquita,3302858,city,100,56.78495,10,10,1,0.1,176103,False,False
17,2020-04-24,23,RJ,Mesquita,3302858,city,90,51.10645,1,9,0,0.1,176103,False,False
17,2020-04-23,22,RJ,Mesquita,3302858,city,89,50.53861,16,9,0,0.1011,176103,False,False
17,2020-04-22,21,RJ,Mesquita,3302858,city,73,41.45301,5,9,0,0.1233,176103,False,False
17,2020-04-21,20,RJ,Mesquita,3302858,city,68,38.61377,6,9,2,0.1324,176103,False,False
17,2020-04-20,19,RJ,Mesquita,3302858,city,62,35.20667,3,7,0,0.1129,176103,False,False
17,2020-04-19,18,RJ,Mesquita,3302858,city,59,33.50312,3,7,0,0.1186,176103,False,False
16,2020-04-18,17,RJ,Mesquita,3302858,city,56,31.79957,3,7,6,0.125,176103,False,False
16,2020-04-17,16,RJ,Mesquita,3302858,city,53,30.09602,2,1,0,0.0189,176103,False,False
16,2020-04-16,15,RJ,Mesquita,3302858,city,51,28.96032,1,1,0,0.0196,176103,False,False
16,2020-04-15,14,RJ,Mesquita,3302858,city,50,28.39247,18,1,0,0.02,176103,False,False
16,2020-04-14,13,RJ,Mesquita,3302858,city,32,18.17118,2,1,0,0.0312,176103,False,False
16,2020-04-13,12,RJ,Mesquita,3302858,city,30,17.03548,0,1,0,0.0333,176103,False,False
16,2020-04-12,11,RJ,Mesquita,3302858,city,30,17.03548,7,1,0,0.0333,176103,False,False
15,2020-04-11,10,RJ,Mesquita,3302858,city,23,13.06054,0,1,0,0.0435,176103,False,False
15,2020-04-10,9,RJ,Mesquita,3302858,city,23,13.06054,4,1,0,0.0435,176103,False,False
15,2020-04-09,8,RJ,Mesquita,3302858,city,19,10.78914,10,1,0,0.0526,176103,False,False
15,2020-04-08,7,RJ,Mesquita,3302858,city,9,5.11065,2,1,0,0.1111,176103,False,False
15,2020-04-07,6,RJ,Mesquita,3302858,city,7,3.97495,1,1,0,0.1429,176103,False,False
15,2020-04-06,5,RJ,Mesquita,3302858,city,6,3.4071,1,1,0,0.1667,176103,False,False
15,2020-04-05,4,RJ,Mesquita,3302858,city,5,2.83925,4,1,0,0.2,176103,False,False
14,2020-04-04,3,RJ,Mesquita,3302858,city,1,0.56785,1,1,1,1.0,176103,False,False
14,2020-04-03,2,RJ,Mesquita,3302858,city,0,,-1,0,0,0.0,176103,False,False
14,2020-04-02,1,RJ,Mesquita,3302858,city,1,0.56785,1,0,0,0.0,176103,False,False
