epidemiological_week,date,order_for_place,state,city,city_ibge_code,place_type,last_available_confirmed,last_available_confirmed_per_100k_inhabitants,new_confirmed,last_available_deaths,new_deaths,last_available_death_rate,estimated_population_2019,is_last,is_repeated
33,2020-08-13,133,RJ,Nilópolis,3303203,city,990,609.28701,0,133,0,0.1343,162485,False,True
33,2020-08-12,132,RJ,Nilópolis,3303203,city,990,609.28701,13,133,1,0.1343,162485,True,False
33,2020-08-11,131,RJ,Nilópolis,3303203,city,977,601.28627,2,132,0,0.1351,162485,False,False
33,2020-08-10,130,RJ,Nilópolis,3303203,city,975,600.05539,1,132,0,0.1354,162485,False,False
33,2020-08-09,129,RJ,Nilópolis,3303203,city,974,599.43995,1,132,0,0.1355,162485,False,False
32,2020-08-08,128,RJ,Nilópolis,3303203,city,973,598.82451,6,132,1,0.1357,162485,False,False
32,2020-08-07,127,RJ,Nilópolis,3303203,city,967,595.13186,5,131,0,0.1355,162485,False,False
32,2020-08-06,126,RJ,Nilópolis,3303203,city,962,592.05465,5,131,2,0.1362,162485,False,False
32,2020-08-05,125,RJ,Nilópolis,3303203,city,957,588.97744,18,129,1,0.1348,162485,False,False
32,2020-08-04,124,RJ,Nilópolis,3303203,city,939,577.8995,2,128,2,0.1363,162485,False,False
32,2020-08-03,123,RJ,Nilópolis,3303203,city,937,576.66862,2,126,0,0.1345,162485,False,False
32,2020-08-02,122,RJ,Nilópolis,3303203,city,935,575.43773,0,126,0,0.1348,162485,False,False
31,2020-08-01,121,RJ,Nilópolis,3303203,city,935,575.43773,9,126,2,0.1348,162485,False,False
31,2020-07-31,120,RJ,Nilópolis,3303203,city,926,569.89876,13,124,0,0.1339,162485,False,False
31,2020-07-30,119,RJ,Nilópolis,3303203,city,913,561.89802,10,124,1,0.1358,162485,False,False
31,2020-07-29,118,RJ,Nilópolis,3303203,city,903,555.74361,11,123,6,0.1362,162485,False,False
31,2020-07-28,117,RJ,Nilópolis,3303203,city,892,548.97375,15,117,10,0.1312,162485,False,False
31,2020-07-27,116,RJ,Nilópolis,3303203,city,877,539.74213,1,107,0,0.122,162485,False,False
31,2020-07-26,115,RJ,Nilópolis,3303203,city,876,539.12669,0,107,0,0.1221,162485,False,False
30,2020-07-25,114,RJ,Nilópolis,3303203,city,876,539.12669,3,107,2,0.1221,162485,False,False
30,2020-07-24,113,RJ,Nilópolis,3303203,city,873,537.28036,10,105,1,0.1203,162485,False,False
30,2020-07-23,112,RJ,Nilópolis,3303203,city,863,531.12595,12,104,0,0.1205,162485,False,False
30,2020-07-22,111,RJ,Nilópolis,3303203,city,851,523.74065,14,104,2,0.1222,162485,False,False
30,2020-07-21,110,RJ,Nilópolis,3303203,city,837,515.12447,21,102,2,0.1219,162485,False,False
30,2020-07-20,109,RJ,Nilópolis,3303203,city,816,502.2002,8,100,1,0.1225,162485,False,False
30,2020-07-19,108,RJ,Nilópolis,3303203,city,808,497.27667,10,99,4,0.1225,162485,False,False
29,2020-07-18,107,RJ,Nilópolis,3303203,city,798,491.12226,0,95,0,0.119,162485,False,True
29,2020-07-17,106,RJ,Nilópolis,3303203,city,798,491.12226,0,95,0,0.119,162485,False,False
29,2020-07-16,105,RJ,Nilópolis,3303203,city,798,491.12226,1,95,1,0.119,162485,False,False
29,2020-07-15,104,RJ,Nilópolis,3303203,city,797,490.50682,9,94,3,0.1179,162485,False,False
29,2020-07-14,103,RJ,Nilópolis,3303203,city,788,484.96784,5,91,4,0.1155,162485,False,False
29,2020-07-13,102,RJ,Nilópolis,3303203,city,783,481.89064,8,87,0,0.1111,162485,False,False
29,2020-07-12,101,RJ,Nilópolis,3303203,city,775,476.9671,0,87,0,0.1123,162485,False,False
28,2020-07-11,100,RJ,Nilópolis,3303203,city,775,476.9671,1,87,0,0.1123,162485,False,False
28,2020-07-10,99,RJ,Nilópolis,3303203,city,774,476.35166,5,87,0,0.1124,162485,False,False
28,2020-07-09,98,RJ,Nilópolis,3303203,city,769,473.27446,5,87,0,0.1131,162485,False,False
28,2020-07-08,97,RJ,Nilópolis,3303203,city,764,470.19725,13,87,0,0.1139,162485,False,False
28,2020-07-07,96,RJ,Nilópolis,3303203,city,751,462.19651,7,87,2,0.1158,162485,False,False
28,2020-07-06,95,RJ,Nilópolis,3303203,city,744,457.88842,3,85,0,0.1142,162485,False,False
28,2020-07-05,94,RJ,Nilópolis,3303203,city,741,456.0421,1,85,0,0.1147,162485,False,False
27,2020-07-04,93,RJ,Nilópolis,3303203,city,740,455.42665,8,85,2,0.1149,162485,False,False
27,2020-07-03,92,RJ,Nilópolis,3303203,city,732,450.50312,8,83,1,0.1134,162485,False,False
27,2020-07-02,91,RJ,Nilópolis,3303203,city,724,445.57959,9,82,2,0.1133,162485,False,False
27,2020-07-01,90,RJ,Nilópolis,3303203,city,715,440.04062,22,80,2,0.1119,162485,False,False
27,2020-06-30,89,RJ,Nilópolis,3303203,city,693,426.50091,2,78,1,0.1126,162485,False,False
27,2020-06-29,88,RJ,Nilópolis,3303203,city,691,425.27002,2,77,0,0.1114,162485,False,False
27,2020-06-28,87,RJ,Nilópolis,3303203,city,689,424.03914,8,77,0,0.1118,162485,False,False
26,2020-06-27,86,RJ,Nilópolis,3303203,city,681,419.11561,2,77,1,0.1131,162485,False,False
26,2020-06-26,85,RJ,Nilópolis,3303203,city,679,417.88473,12,76,3,0.1119,162485,False,False
26,2020-06-25,84,RJ,Nilópolis,3303203,city,667,410.49943,22,73,2,0.1094,162485,False,False
26,2020-06-24,83,RJ,Nilópolis,3303203,city,645,396.95972,16,71,2,0.1101,162485,False,False
26,2020-06-23,82,RJ,Nilópolis,3303203,city,629,387.11266,22,69,2,0.1097,162485,False,False
26,2020-06-22,81,RJ,Nilópolis,3303203,city,607,373.57295,7,67,2,0.1104,162485,False,False
26,2020-06-21,80,RJ,Nilópolis,3303203,city,600,369.26486,9,65,0,0.1083,162485,False,False
25,2020-06-20,79,RJ,Nilópolis,3303203,city,591,363.72588,18,65,1,0.11,162485,False,False
25,2020-06-19,78,RJ,Nilópolis,3303203,city,573,352.64794,29,64,0,0.1117,162485,False,False
25,2020-06-18,77,RJ,Nilópolis,3303203,city,544,334.80014,4,64,5,0.1176,162485,False,False
25,2020-06-17,76,RJ,Nilópolis,3303203,city,540,332.33837,19,59,0,0.1093,162485,False,False
25,2020-06-16,75,RJ,Nilópolis,3303203,city,521,320.64498,27,59,3,0.1132,162485,False,False
25,2020-06-15,74,RJ,Nilópolis,3303203,city,494,304.02806,9,56,1,0.1134,162485,False,False
25,2020-06-14,73,RJ,Nilópolis,3303203,city,485,298.48909,4,55,0,0.1134,162485,False,False
24,2020-06-13,72,RJ,Nilópolis,3303203,city,481,296.02733,9,55,0,0.1143,162485,False,False
24,2020-06-12,71,RJ,Nilópolis,3303203,city,472,290.48835,12,55,2,0.1165,162485,False,False
24,2020-06-11,70,RJ,Nilópolis,3303203,city,460,283.10306,13,53,4,0.1152,162485,False,False
24,2020-06-10,69,RJ,Nilópolis,3303203,city,447,275.10232,-1,49,7,0.1096,162485,False,False
24,2020-06-09,68,RJ,Nilópolis,3303203,city,448,275.71776,38,42,0,0.0938,162485,False,False
24,2020-06-08,67,RJ,Nilópolis,3303203,city,410,252.33098,0,42,0,0.1024,162485,False,False
24,2020-06-07,66,RJ,Nilópolis,3303203,city,410,252.33098,15,42,0,0.1024,162485,False,False
23,2020-06-06,65,RJ,Nilópolis,3303203,city,395,243.09936,8,42,0,0.1063,162485,False,False
23,2020-06-05,64,RJ,Nilópolis,3303203,city,387,238.17583,12,42,0,0.1085,162485,False,False
23,2020-06-04,63,RJ,Nilópolis,3303203,city,375,230.79053,18,42,1,0.112,162485,False,False
23,2020-06-03,62,RJ,Nilópolis,3303203,city,357,219.71259,12,41,1,0.1148,162485,False,False
23,2020-06-02,61,RJ,Nilópolis,3303203,city,345,212.32729,18,40,3,0.1159,162485,False,False
23,2020-06-01,60,RJ,Nilópolis,3303203,city,327,201.24935,15,37,0,0.1131,162485,False,False
23,2020-05-31,59,RJ,Nilópolis,3303203,city,312,192.01772,4,37,0,0.1186,162485,False,False
22,2020-05-30,58,RJ,Nilópolis,3303203,city,308,189.55596,24,37,1,0.1201,162485,False,False
22,2020-05-29,57,RJ,Nilópolis,3303203,city,284,174.78536,15,36,2,0.1268,162485,False,False
22,2020-05-28,56,RJ,Nilópolis,3303203,city,269,165.55374,1,34,0,0.1264,162485,False,False
22,2020-05-27,55,RJ,Nilópolis,3303203,city,268,164.9383,2,34,2,0.1269,162485,False,False
22,2020-05-26,54,RJ,Nilópolis,3303203,city,266,163.70742,6,32,3,0.1203,162485,False,False
22,2020-05-25,53,RJ,Nilópolis,3303203,city,260,160.01477,14,29,-1,0.1115,162485,False,False
22,2020-05-24,52,RJ,Nilópolis,3303203,city,246,151.39859,0,30,0,0.122,162485,False,False
21,2020-05-23,51,RJ,Nilópolis,3303203,city,246,151.39859,1,30,1,0.122,162485,False,False
21,2020-05-22,50,RJ,Nilópolis,3303203,city,245,150.78315,1,29,1,0.1184,162485,False,False
21,2020-05-21,49,RJ,Nilópolis,3303203,city,244,150.16771,0,28,1,0.1148,162485,False,False
21,2020-05-20,48,RJ,Nilópolis,3303203,city,244,150.16771,4,27,6,0.1107,162485,False,False
21,2020-05-19,47,RJ,Nilópolis,3303203,city,240,147.70594,1,21,1,0.0875,162485,False,False
21,2020-05-18,46,RJ,Nilópolis,3303203,city,239,147.0905,50,20,1,0.0837,162485,False,False
21,2020-05-17,45,RJ,Nilópolis,3303203,city,189,116.31843,0,19,0,0.1005,162485,False,False
20,2020-05-16,44,RJ,Nilópolis,3303203,city,189,116.31843,4,19,1,0.1005,162485,False,False
20,2020-05-15,43,RJ,Nilópolis,3303203,city,185,113.85666,1,18,1,0.0973,162485,False,False
20,2020-05-14,42,RJ,Nilópolis,3303203,city,184,113.24122,11,17,2,0.0924,162485,False,False
20,2020-05-13,41,RJ,Nilópolis,3303203,city,173,106.47137,2,15,2,0.0867,162485,False,False
20,2020-05-12,40,RJ,Nilópolis,3303203,city,171,105.24048,9,13,0,0.076,162485,False,False
20,2020-05-11,39,RJ,Nilópolis,3303203,city,162,99.70151,24,13,0,0.0802,162485,False,False
20,2020-05-10,38,RJ,Nilópolis,3303203,city,138,84.93092,-7,13,0,0.0942,162485,False,False
19,2020-05-09,37,RJ,Nilópolis,3303203,city,145,89.23901,14,13,4,0.0897,162485,False,False
19,2020-05-08,36,RJ,Nilópolis,3303203,city,131,80.62283,16,9,0,0.0687,162485,False,False
19,2020-05-07,35,RJ,Nilópolis,3303203,city,115,70.77576,9,9,0,0.0783,162485,False,False
19,2020-05-06,34,RJ,Nilópolis,3303203,city,106,65.23679,3,9,1,0.0849,162485,False,False
19,2020-05-05,33,RJ,Nilópolis,3303203,city,103,63.39047,10,8,1,0.0777,162485,False,False
19,2020-05-04,32,RJ,Nilópolis,3303203,city,93,57.23605,0,7,0,0.0753,162485,False,False
19,2020-05-03,31,RJ,Nilópolis,3303203,city,93,57.23605,4,7,0,0.0753,162485,False,False
18,2020-05-02,30,RJ,Nilópolis,3303203,city,89,54.77429,7,7,1,0.0787,162485,False,False
18,2020-05-01,29,RJ,Nilópolis,3303203,city,82,50.4662,11,6,0,0.0732,162485,False,False
18,2020-04-30,28,RJ,Nilópolis,3303203,city,71,43.69634,12,6,1,0.0845,162485,False,False
18,2020-04-29,27,RJ,Nilópolis,3303203,city,59,36.31104,5,5,2,0.0847,162485,False,False
18,2020-04-28,26,RJ,Nilópolis,3303203,city,54,33.23384,3,3,0,0.0556,162485,False,False
18,2020-04-27,25,RJ,Nilópolis,3303203,city,51,31.38751,1,3,0,0.0588,162485,False,False
18,2020-04-26,24,RJ,Nilópolis,3303203,city,50,30.77207,3,3,0,0.06,162485,False,False
17,2020-04-25,23,RJ,Nilópolis,3303203,city,47,28.92575,5,3,1,0.0638,162485,False,False
17,2020-04-24,22,RJ,Nilópolis,3303203,city,42,25.84854,0,2,0,0.0476,162485,False,False
17,2020-04-23,21,RJ,Nilópolis,3303203,city,42,25.84854,8,2,2,0.0476,162485,False,False
17,2020-04-22,20,RJ,Nilópolis,3303203,city,34,20.92501,3,0,0,0.0,162485,False,False
17,2020-04-21,19,RJ,Nilópolis,3303203,city,31,19.07868,1,0,0,0.0,162485,False,False
17,2020-04-20,18,RJ,Nilópolis,3303203,city,30,18.46324,4,0,0,0.0,162485,False,False
17,2020-04-19,17,RJ,Nilópolis,3303203,city,26,16.00148,1,0,0,0.0,162485,False,False
16,2020-04-18,16,RJ,Nilópolis,3303203,city,25,15.38604,0,0,0,0.0,162485,False,False
16,2020-04-17,15,RJ,Nilópolis,3303203,city,25,15.38604,1,0,0,0.0,162485,False,False
16,2020-04-16,14,RJ,Nilópolis,3303203,city,24,14.77059,0,0,0,0.0,162485,False,False
16,2020-04-15,13,RJ,Nilópolis,3303203,city,24,14.77059,2,0,0,0.0,162485,False,False
16,2020-04-14,12,RJ,Nilópolis,3303203,city,22,13.53971,2,0,0,0.0,162485,False,False
16,2020-04-13,11,RJ,Nilópolis,3303203,city,20,12.30883,0,0,0,0.0,162485,False,False
16,2020-04-12,10,RJ,Nilópolis,3303203,city,20,12.30883,6,0,0,0.0,162485,False,False
15,2020-04-11,9,RJ,Nilópolis,3303203,city,14,8.61618,1,0,0,0.0,162485,False,False
15,2020-04-10,8,RJ,Nilópolis,3303203,city,13,8.00074,1,0,0,0.0,162485,False,False
15,2020-04-09,7,RJ,Nilópolis,3303203,city,12,7.3853,2,0,0,0.0,162485,False,False
15,2020-04-08,6,RJ,Nilópolis,3303203,city,10,6.15441,1,0,0,0.0,162485,False,False
15,2020-04-07,5,RJ,Nilópolis,3303203,city,9,5.53897,5,0,0,0.0,162485,False,False
15,2020-04-06,4,RJ,Nilópolis,3303203,city,4,2.46177,0,0,0,0.0,162485,False,False
15,2020-04-05,3,RJ,Nilópolis,3303203,city,4,2.46177,3,0,0,0.0,162485,False,False
14,2020-04-04,2,RJ,Nilópolis,3303203,city,1,0.61544,0,0,0,0.0,162485,False,False
14,2020-04-03,1,RJ,Nilópolis,3303203,city,1,0.61544,1,0,0,0.0,162485,False,False
