epidemiological_week,date,order_for_place,state,city,city_ibge_code,place_type,last_available_confirmed,last_available_confirmed_per_100k_inhabitants,new_confirmed,last_available_deaths,new_deaths,last_available_death_rate,estimated_population_2019,is_last,is_repeated
33,2020-08-13,155,RJ,Niterói,3303302,city,9599,1869.0224,0,314,0,0.0327,513584,False,True
33,2020-08-12,154,RJ,Niterói,3303302,city,9599,1869.0224,0,314,0,0.0327,513584,True,False
33,2020-08-11,153,RJ,Niterói,3303302,city,9599,1869.0224,219,314,4,0.0327,513584,False,False
33,2020-08-10,152,RJ,Niterói,3303302,city,9380,1826.38088,0,310,0,0.033,513584,False,False
33,2020-08-09,151,RJ,Niterói,3303302,city,9380,1826.38088,90,310,0,0.033,513584,False,False
32,2020-08-08,150,RJ,Niterói,3303302,city,9290,1808.85697,211,310,1,0.0334,513584,False,False
32,2020-08-07,149,RJ,Niterói,3303302,city,9079,1767.77314,0,309,0,0.034,513584,False,False
32,2020-08-06,148,RJ,Niterói,3303302,city,9079,1767.77314,0,309,0,0.034,513584,False,False
32,2020-08-05,147,RJ,Niterói,3303302,city,9079,1767.77314,0,309,0,0.034,513584,False,False
32,2020-08-04,146,RJ,Niterói,3303302,city,9079,1767.77314,0,309,0,0.034,513584,False,False
32,2020-08-03,145,RJ,Niterói,3303302,city,9079,1767.77314,0,309,0,0.034,513584,False,False
32,2020-08-02,144,RJ,Niterói,3303302,city,9079,1767.77314,0,309,0,0.034,513584,False,False
31,2020-08-01,143,RJ,Niterói,3303302,city,9079,1767.77314,0,309,0,0.034,513584,False,False
31,2020-07-31,142,RJ,Niterói,3303302,city,9079,1767.77314,99,309,9,0.034,513584,False,False
31,2020-07-30,141,RJ,Niterói,3303302,city,8980,1748.49684,81,300,7,0.0334,513584,False,False
31,2020-07-29,140,RJ,Niterói,3303302,city,8899,1732.72532,94,293,-1,0.0329,513584,False,False
31,2020-07-28,139,RJ,Niterói,3303302,city,8805,1714.42257,112,294,2,0.0334,513584,False,False
31,2020-07-27,138,RJ,Niterói,3303302,city,8693,1692.61503,11,292,0,0.0336,513584,False,False
31,2020-07-26,137,RJ,Niterói,3303302,city,8682,1690.47322,0,292,0,0.0336,513584,False,False
30,2020-07-25,136,RJ,Niterói,3303302,city,8682,1690.47322,109,292,9,0.0336,513584,False,False
30,2020-07-24,135,RJ,Niterói,3303302,city,8573,1669.24982,118,283,10,0.033,513584,False,False
30,2020-07-23,134,RJ,Niterói,3303302,city,8455,1646.27403,134,273,2,0.0323,513584,False,False
30,2020-07-22,133,RJ,Niterói,3303302,city,8321,1620.18287,94,271,0,0.0326,513584,False,False
30,2020-07-21,132,RJ,Niterói,3303302,city,8227,1601.88012,220,271,1,0.0329,513584,False,False
30,2020-07-20,131,RJ,Niterói,3303302,city,8007,1559.0439,282,270,0,0.0337,513584,False,False
30,2020-07-19,130,RJ,Niterói,3303302,city,7725,1504.13564,262,270,9,0.035,513584,False,False
29,2020-07-18,129,RJ,Niterói,3303302,city,7463,1453.12159,0,261,0,0.035,513584,False,True
29,2020-07-17,128,RJ,Niterói,3303302,city,7463,1453.12159,0,261,0,0.035,513584,False,False
29,2020-07-16,127,RJ,Niterói,3303302,city,7463,1453.12159,6,261,6,0.035,513584,False,False
29,2020-07-15,126,RJ,Niterói,3303302,city,7457,1451.95333,163,255,1,0.0342,513584,False,False
29,2020-07-14,125,RJ,Niterói,3303302,city,7294,1420.21558,27,254,12,0.0348,513584,False,False
29,2020-07-13,124,RJ,Niterói,3303302,city,7267,1414.95841,128,242,0,0.0333,513584,False,False
29,2020-07-12,123,RJ,Niterói,3303302,city,7139,1390.03552,0,242,0,0.0339,513584,False,False
28,2020-07-11,122,RJ,Niterói,3303302,city,7139,1390.03552,13,242,4,0.0339,513584,False,False
28,2020-07-10,121,RJ,Niterói,3303302,city,7126,1387.50428,157,238,4,0.0334,513584,False,False
28,2020-07-09,120,RJ,Niterói,3303302,city,6969,1356.9348,58,234,2,0.0336,513584,False,False
28,2020-07-08,119,RJ,Niterói,3303302,city,6911,1345.64161,102,232,0,0.0336,513584,False,False
28,2020-07-07,118,RJ,Niterói,3303302,city,6809,1325.78118,87,232,0,0.0341,513584,False,False
28,2020-07-06,117,RJ,Niterói,3303302,city,6722,1308.8414,21,232,0,0.0345,513584,False,False
28,2020-07-05,116,RJ,Niterói,3303302,city,6701,1304.75248,324,232,1,0.0346,513584,False,False
27,2020-07-04,115,RJ,Niterói,3303302,city,6377,1241.66641,0,231,23,0.0362,513584,False,False
27,2020-07-03,114,RJ,Niterói,3303302,city,6377,1241.66641,0,208,0,0.0326,513584,False,False
27,2020-07-02,113,RJ,Niterói,3303302,city,6377,1241.66641,0,208,0,0.0326,513584,False,False
27,2020-07-01,112,RJ,Niterói,3303302,city,6377,1241.66641,0,208,-22,0.0326,513584,False,False
27,2020-06-30,111,RJ,Niterói,3303302,city,6377,1241.66641,20,230,45,0.0361,513584,False,False
27,2020-06-29,110,RJ,Niterói,3303302,city,6357,1237.7722,11,185,0,0.0291,513584,False,False
27,2020-06-28,109,RJ,Niterói,3303302,city,6346,1235.63039,225,185,1,0.0292,513584,False,False
26,2020-06-27,108,RJ,Niterói,3303302,city,6121,1191.82062,16,184,1,0.0301,513584,False,False
26,2020-06-26,107,RJ,Niterói,3303302,city,6105,1188.70526,183,183,-1,0.03,513584,False,False
26,2020-06-25,106,RJ,Niterói,3303302,city,5922,1153.0733,228,184,0,0.0311,513584,False,False
26,2020-06-24,105,RJ,Niterói,3303302,city,5694,1108.6794,154,184,5,0.0323,513584,False,False
26,2020-06-23,104,RJ,Niterói,3303302,city,5540,1078.69404,114,179,3,0.0323,513584,False,False
26,2020-06-22,103,RJ,Niterói,3303302,city,5426,1056.49709,56,176,1,0.0324,513584,False,False
26,2020-06-21,102,RJ,Niterói,3303302,city,5370,1045.59332,23,175,0,0.0326,513584,False,False
25,2020-06-20,101,RJ,Niterói,3303302,city,5347,1041.11499,128,175,3,0.0327,513584,False,False
25,2020-06-19,100,RJ,Niterói,3303302,city,5219,1016.19209,376,172,2,0.033,513584,False,False
25,2020-06-18,99,RJ,Niterói,3303302,city,4843,942.98109,4,170,4,0.0351,513584,False,False
25,2020-06-17,98,RJ,Niterói,3303302,city,4839,942.20225,120,166,11,0.0343,513584,False,False
25,2020-06-16,97,RJ,Niterói,3303302,city,4719,918.83704,48,155,9,0.0328,513584,False,False
25,2020-06-15,96,RJ,Niterói,3303302,city,4671,909.49095,99,146,0,0.0313,513584,False,False
25,2020-06-14,95,RJ,Niterói,3303302,city,4572,890.21465,57,146,0,0.0319,513584,False,False
24,2020-06-13,94,RJ,Niterói,3303302,city,4515,879.11617,102,146,2,0.0323,513584,False,False
24,2020-06-12,93,RJ,Niterói,3303302,city,4413,859.25574,128,144,1,0.0326,513584,False,False
24,2020-06-11,92,RJ,Niterói,3303302,city,4285,834.33285,-3,143,8,0.0334,513584,False,False
24,2020-06-10,91,RJ,Niterói,3303302,city,4288,834.91698,-39,135,1,0.0315,513584,False,False
24,2020-06-09,90,RJ,Niterói,3303302,city,4327,842.51067,141,134,8,0.031,513584,False,False
24,2020-06-08,89,RJ,Niterói,3303302,city,4186,815.05654,271,126,0,0.0301,513584,False,False
24,2020-06-07,88,RJ,Niterói,3303302,city,3915,762.2901,329,126,0,0.0322,513584,False,False
23,2020-06-06,87,RJ,Niterói,3303302,city,3586,698.23047,80,126,-1,0.0351,513584,False,False
23,2020-06-05,86,RJ,Niterói,3303302,city,3506,682.65367,59,127,0,0.0362,513584,False,False
23,2020-06-04,85,RJ,Niterói,3303302,city,3447,671.16577,90,127,5,0.0368,513584,False,False
23,2020-06-03,84,RJ,Niterói,3303302,city,3357,653.64186,105,122,9,0.0363,513584,False,False
23,2020-06-02,83,RJ,Niterói,3303302,city,3252,633.1973,166,113,9,0.0347,513584,False,False
23,2020-06-01,82,RJ,Niterói,3303302,city,3086,600.87542,21,104,0,0.0337,513584,False,False
23,2020-05-31,81,RJ,Niterói,3303302,city,3065,596.7865,15,104,0,0.0339,513584,False,False
22,2020-05-30,80,RJ,Niterói,3303302,city,3050,593.86585,303,104,2,0.0341,513584,False,False
22,2020-05-29,79,RJ,Niterói,3303302,city,2747,534.86869,454,102,3,0.0371,513584,False,False
22,2020-05-28,78,RJ,Niterói,3303302,city,2293,446.4703,601,99,7,0.0432,513584,False,False
22,2020-05-27,77,RJ,Niterói,3303302,city,1692,329.44952,0,92,0,0.0544,513584,False,False
22,2020-05-26,76,RJ,Niterói,3303302,city,1692,329.44952,-349,92,3,0.0544,513584,False,False
22,2020-05-25,75,RJ,Niterói,3303302,city,2041,397.40335,58,89,0,0.0436,513584,False,False
22,2020-05-24,74,RJ,Niterói,3303302,city,1983,386.11016,0,89,0,0.0449,513584,False,False
21,2020-05-23,73,RJ,Niterói,3303302,city,1983,386.11016,1,89,1,0.0449,513584,False,False
21,2020-05-22,72,RJ,Niterói,3303302,city,1982,385.91545,14,88,23,0.0444,513584,False,False
21,2020-05-21,71,RJ,Niterói,3303302,city,1968,383.18951,0,65,0,0.033,513584,False,False
21,2020-05-20,70,RJ,Niterói,3303302,city,1968,383.18951,0,65,0,0.033,513584,False,False
21,2020-05-19,69,RJ,Niterói,3303302,city,1968,383.18951,0,65,0,0.033,513584,False,False
21,2020-05-18,68,RJ,Niterói,3303302,city,1968,383.18951,780,65,0,0.033,513584,False,False
21,2020-05-17,67,RJ,Niterói,3303302,city,1188,231.31562,0,65,0,0.0547,513584,False,False
20,2020-05-16,66,RJ,Niterói,3303302,city,1188,231.31562,398,65,9,0.0547,513584,False,False
20,2020-05-15,65,RJ,Niterói,3303302,city,790,153.82099,11,56,11,0.0709,513584,False,False
20,2020-05-14,64,RJ,Niterói,3303302,city,779,151.67918,0,45,0,0.0578,513584,False,False
20,2020-05-13,63,RJ,Niterói,3303302,city,779,151.67918,0,45,0,0.0578,513584,False,False
20,2020-05-12,62,RJ,Niterói,3303302,city,779,151.67918,0,45,0,0.0578,513584,False,False
20,2020-05-11,61,RJ,Niterói,3303302,city,779,151.67918,23,45,2,0.0578,513584,False,False
20,2020-05-10,60,RJ,Niterói,3303302,city,756,147.20085,127,43,4,0.0569,513584,False,False
19,2020-05-09,59,RJ,Niterói,3303302,city,629,122.47266,-1,39,-1,0.062,513584,False,False
19,2020-05-08,58,RJ,Niterói,3303302,city,630,122.66737,106,40,5,0.0635,513584,False,False
19,2020-05-07,57,RJ,Niterói,3303302,city,524,102.0281,24,35,2,0.0668,513584,False,False
19,2020-05-06,56,RJ,Niterói,3303302,city,500,97.35506,42,33,2,0.066,513584,False,False
19,2020-05-05,55,RJ,Niterói,3303302,city,458,89.17723,22,31,4,0.0677,513584,False,False
19,2020-05-04,54,RJ,Niterói,3303302,city,436,84.89361,14,27,0,0.0619,513584,False,False
19,2020-05-03,53,RJ,Niterói,3303302,city,422,82.16767,12,27,1,0.064,513584,False,False
18,2020-05-02,52,RJ,Niterói,3303302,city,410,79.83115,4,26,0,0.0634,513584,False,False
18,2020-05-01,51,RJ,Niterói,3303302,city,406,79.05231,62,26,1,0.064,513584,False,False
18,2020-04-30,50,RJ,Niterói,3303302,city,344,66.98028,62,25,5,0.0727,513584,False,False
18,2020-04-29,49,RJ,Niterói,3303302,city,282,54.90825,0,20,0,0.0709,513584,False,False
18,2020-04-28,48,RJ,Niterói,3303302,city,282,54.90825,16,20,0,0.0709,513584,False,False
18,2020-04-27,47,RJ,Niterói,3303302,city,266,51.79289,6,20,1,0.0752,513584,False,False
18,2020-04-26,46,RJ,Niterói,3303302,city,260,50.62463,6,19,2,0.0731,513584,False,False
17,2020-04-25,45,RJ,Niterói,3303302,city,254,49.45637,5,17,0,0.0669,513584,False,False
17,2020-04-24,44,RJ,Niterói,3303302,city,249,48.48282,10,17,1,0.0683,513584,False,False
17,2020-04-23,43,RJ,Niterói,3303302,city,239,46.53572,0,16,0,0.0669,513584,False,False
17,2020-04-22,42,RJ,Niterói,3303302,city,239,46.53572,6,16,0,0.0669,513584,False,False
17,2020-04-21,41,RJ,Niterói,3303302,city,233,45.36746,19,16,0,0.0687,513584,False,False
17,2020-04-20,40,RJ,Niterói,3303302,city,214,41.66796,2,16,2,0.0748,513584,False,False
17,2020-04-19,39,RJ,Niterói,3303302,city,212,41.27854,13,14,0,0.066,513584,False,False
16,2020-04-18,38,RJ,Niterói,3303302,city,199,38.74731,14,14,0,0.0704,513584,False,False
16,2020-04-17,37,RJ,Niterói,3303302,city,185,36.02137,18,14,3,0.0757,513584,False,False
16,2020-04-16,36,RJ,Niterói,3303302,city,167,32.51659,0,11,0,0.0659,513584,False,False
16,2020-04-15,35,RJ,Niterói,3303302,city,167,32.51659,19,11,1,0.0659,513584,False,False
16,2020-04-14,34,RJ,Niterói,3303302,city,148,28.8171,24,10,3,0.0676,513584,False,False
16,2020-04-13,33,RJ,Niterói,3303302,city,124,24.14405,4,7,1,0.0565,513584,False,False
16,2020-04-12,32,RJ,Niterói,3303302,city,120,23.36521,0,6,0,0.05,513584,False,False
15,2020-04-11,31,RJ,Niterói,3303302,city,120,23.36521,3,6,1,0.05,513584,False,False
15,2020-04-10,30,RJ,Niterói,3303302,city,117,22.78108,0,5,0,0.0427,513584,False,False
15,2020-04-09,29,RJ,Niterói,3303302,city,117,22.78108,11,5,3,0.0427,513584,False,False
15,2020-04-08,28,RJ,Niterói,3303302,city,106,20.63927,12,2,0,0.0189,513584,False,False
15,2020-04-07,27,RJ,Niterói,3303302,city,94,18.30275,2,2,0,0.0213,513584,False,False
15,2020-04-06,26,RJ,Niterói,3303302,city,92,17.91333,5,2,0,0.0217,513584,False,False
15,2020-04-05,25,RJ,Niterói,3303302,city,87,16.93978,8,2,0,0.023,513584,False,False
14,2020-04-04,24,RJ,Niterói,3303302,city,79,15.3821,14,2,1,0.0253,513584,False,False
14,2020-04-03,23,RJ,Niterói,3303302,city,65,12.65616,2,1,0,0.0154,513584,False,False
14,2020-04-02,22,RJ,Niterói,3303302,city,63,12.26674,1,1,0,0.0159,513584,False,False
14,2020-04-01,21,RJ,Niterói,3303302,city,62,12.07203,5,1,0,0.0161,513584,False,False
14,2020-03-31,20,RJ,Niterói,3303302,city,57,11.09848,10,1,0,0.0175,513584,False,False
14,2020-03-30,19,RJ,Niterói,3303302,city,47,9.15138,8,1,0,0.0213,513584,False,False
14,2020-03-29,18,RJ,Niterói,3303302,city,39,7.59369,2,1,0,0.0256,513584,False,False
13,2020-03-28,17,RJ,Niterói,3303302,city,37,7.20427,1,1,0,0.027,513584,False,False
13,2020-03-27,16,RJ,Niterói,3303302,city,36,7.00956,5,1,0,0.0278,513584,False,False
13,2020-03-26,15,RJ,Niterói,3303302,city,31,6.03601,12,1,0,0.0323,513584,False,False
13,2020-03-25,14,RJ,Niterói,3303302,city,19,3.69949,7,1,0,0.0526,513584,False,False
13,2020-03-24,13,RJ,Niterói,3303302,city,12,2.33652,2,1,0,0.0833,513584,False,False
13,2020-03-23,12,RJ,Niterói,3303302,city,10,1.9471,0,1,0,0.1,513584,False,False
13,2020-03-22,11,RJ,Niterói,3303302,city,10,1.9471,0,1,0,0.1,513584,False,False
12,2020-03-21,10,RJ,Niterói,3303302,city,10,1.9471,3,1,0,0.1,513584,False,False
12,2020-03-20,9,RJ,Niterói,3303302,city,7,1.36297,0,1,0,0.1429,513584,False,True
12,2020-03-19,8,RJ,Niterói,3303302,city,7,1.36297,1,1,1,0.1429,513584,False,False
12,2020-03-18,7,RJ,Niterói,3303302,city,6,1.16826,5,0,0,0.0,513584,False,False
12,2020-03-17,6,RJ,Niterói,3303302,city,1,0.19471,0,0,0,0.0,513584,False,True
12,2020-03-16,5,RJ,Niterói,3303302,city,1,0.19471,0,0,0,0.0,513584,False,False
12,2020-03-15,4,RJ,Niterói,3303302,city,1,0.19471,0,0,0,0.0,513584,False,False
11,2020-03-14,3,RJ,Niterói,3303302,city,1,0.19471,0,0,0,0.0,513584,False,True
11,2020-03-13,2,RJ,Niterói,3303302,city,1,0.19471,0,0,0,0.0,513584,False,True
11,2020-03-12,1,RJ,Niterói,3303302,city,1,0.19471,1,0,0,0.0,513584,False,False
