epidemiological_week,date,order_for_place,state,city,city_ibge_code,place_type,last_available_confirmed,last_available_confirmed_per_100k_inhabitants,new_confirmed,last_available_deaths,new_deaths,last_available_death_rate,estimated_population_2019,is_last,is_repeated
33,2020-08-13,139,RJ,Nova Iguaçu,3303500,city,4536,552.41083,0,459,0,0.1012,821128,False,True
33,2020-08-12,138,RJ,Nova Iguaçu,3303500,city,4536,552.41083,47,459,1,0.1012,821128,True,False
33,2020-08-11,137,RJ,Nova Iguaçu,3303500,city,4489,546.687,28,458,2,0.102,821128,False,False
33,2020-08-10,136,RJ,Nova Iguaçu,3303500,city,4461,543.27705,18,456,2,0.1022,821128,False,False
33,2020-08-09,135,RJ,Nova Iguaçu,3303500,city,4443,541.08495,6,454,3,0.1022,821128,False,False
32,2020-08-08,134,RJ,Nova Iguaçu,3303500,city,4437,540.35424,58,451,2,0.1016,821128,False,False
32,2020-08-07,133,RJ,Nova Iguaçu,3303500,city,4379,533.29079,49,449,3,0.1025,821128,False,False
32,2020-08-06,132,RJ,Nova Iguaçu,3303500,city,4330,527.32339,45,446,3,0.103,821128,False,False
32,2020-08-05,131,RJ,Nova Iguaçu,3303500,city,4285,521.84312,78,443,2,0.1034,821128,False,False
32,2020-08-04,130,RJ,Nova Iguaçu,3303500,city,4207,512.344,9,441,6,0.1048,821128,False,False
32,2020-08-03,129,RJ,Nova Iguaçu,3303500,city,4198,511.24794,10,435,4,0.1036,821128,False,False
32,2020-08-02,128,RJ,Nova Iguaçu,3303500,city,4188,510.0301,0,431,0,0.1029,821128,False,False
31,2020-08-01,127,RJ,Nova Iguaçu,3303500,city,4188,510.0301,46,431,2,0.1029,821128,False,False
31,2020-07-31,126,RJ,Nova Iguaçu,3303500,city,4142,504.42806,22,429,2,0.1036,821128,False,False
31,2020-07-30,125,RJ,Nova Iguaçu,3303500,city,4120,501.74881,34,427,2,0.1036,821128,False,False
31,2020-07-29,124,RJ,Nova Iguaçu,3303500,city,4086,497.60817,28,425,4,0.104,821128,False,False
31,2020-07-28,123,RJ,Nova Iguaçu,3303500,city,4058,494.19822,48,421,4,0.1037,821128,False,False
31,2020-07-27,122,RJ,Nova Iguaçu,3303500,city,4010,488.35261,4,417,0,0.104,821128,False,False
31,2020-07-26,121,RJ,Nova Iguaçu,3303500,city,4006,487.86547,0,417,0,0.1041,821128,False,False
30,2020-07-25,120,RJ,Nova Iguaçu,3303500,city,4006,487.86547,21,417,5,0.1041,821128,False,False
30,2020-07-24,119,RJ,Nova Iguaçu,3303500,city,3985,485.30802,55,412,1,0.1034,821128,False,False
30,2020-07-23,118,RJ,Nova Iguaçu,3303500,city,3930,478.60991,43,411,4,0.1046,821128,False,False
30,2020-07-22,117,RJ,Nova Iguaçu,3303500,city,3887,473.37321,45,407,8,0.1047,821128,False,False
30,2020-07-21,116,RJ,Nova Iguaçu,3303500,city,3842,467.89295,31,399,6,0.1039,821128,False,False
30,2020-07-20,115,RJ,Nova Iguaçu,3303500,city,3811,464.11765,52,393,2,0.1031,821128,False,False
30,2020-07-19,114,RJ,Nova Iguaçu,3303500,city,3759,457.7849,39,391,7,0.104,821128,False,False
29,2020-07-18,113,RJ,Nova Iguaçu,3303500,city,3720,453.03534,0,384,0,0.1032,821128,False,True
29,2020-07-17,112,RJ,Nova Iguaçu,3303500,city,3720,453.03534,19,384,0,0.1032,821128,False,False
29,2020-07-16,111,RJ,Nova Iguaçu,3303500,city,3701,450.72145,2,384,2,0.1038,821128,False,False
29,2020-07-15,110,RJ,Nova Iguaçu,3303500,city,3699,450.47788,35,382,6,0.1033,821128,False,False
29,2020-07-14,109,RJ,Nova Iguaçu,3303500,city,3664,446.21545,16,376,7,0.1026,821128,False,False
29,2020-07-13,108,RJ,Nova Iguaçu,3303500,city,3648,444.26691,44,369,0,0.1012,821128,False,False
29,2020-07-12,107,RJ,Nova Iguaçu,3303500,city,3604,438.90843,0,369,0,0.1024,821128,False,False
28,2020-07-11,106,RJ,Nova Iguaçu,3303500,city,3604,438.90843,6,369,8,0.1024,821128,False,False
28,2020-07-10,105,RJ,Nova Iguaçu,3303500,city,3598,438.17773,9,361,0,0.1003,821128,False,False
28,2020-07-09,104,RJ,Nova Iguaçu,3303500,city,3589,437.08167,19,361,7,0.1006,821128,False,False
28,2020-07-08,103,RJ,Nova Iguaçu,3303500,city,3570,434.76778,48,354,1,0.0992,821128,False,False
28,2020-07-07,102,RJ,Nova Iguaçu,3303500,city,3522,428.92217,37,353,2,0.1002,821128,False,False
28,2020-07-06,101,RJ,Nova Iguaçu,3303500,city,3485,424.41617,5,351,0,0.1007,821128,False,False
28,2020-07-05,100,RJ,Nova Iguaçu,3303500,city,3480,423.80725,17,351,0,0.1009,821128,False,False
27,2020-07-04,99,RJ,Nova Iguaçu,3303500,city,3463,421.73693,45,351,1,0.1014,821128,False,False
27,2020-07-03,98,RJ,Nova Iguaçu,3303500,city,3418,416.25666,42,350,0,0.1024,821128,False,False
27,2020-07-02,97,RJ,Nova Iguaçu,3303500,city,3376,411.14175,29,350,4,0.1037,821128,False,False
27,2020-07-01,96,RJ,Nova Iguaçu,3303500,city,3347,407.61002,81,346,4,0.1034,821128,False,False
27,2020-06-30,95,RJ,Nova Iguaçu,3303500,city,3266,397.74554,9,342,2,0.1047,821128,False,False
27,2020-06-29,94,RJ,Nova Iguaçu,3303500,city,3257,396.64949,3,340,2,0.1044,821128,False,False
27,2020-06-28,93,RJ,Nova Iguaçu,3303500,city,3254,396.28414,44,338,0,0.1039,821128,False,False
26,2020-06-27,92,RJ,Nova Iguaçu,3303500,city,3210,390.92565,5,338,6,0.1053,821128,False,False
26,2020-06-26,91,RJ,Nova Iguaçu,3303500,city,3205,390.31674,55,332,1,0.1036,821128,False,False
26,2020-06-25,90,RJ,Nova Iguaçu,3303500,city,3150,383.61863,33,331,6,0.1051,821128,False,False
26,2020-06-24,89,RJ,Nova Iguaçu,3303500,city,3117,379.59977,66,325,2,0.1043,821128,False,False
26,2020-06-23,88,RJ,Nova Iguaçu,3303500,city,3051,371.56205,74,323,6,0.1059,821128,False,False
26,2020-06-22,87,RJ,Nova Iguaçu,3303500,city,2977,362.55005,78,317,2,0.1065,821128,False,False
26,2020-06-21,86,RJ,Nova Iguaçu,3303500,city,2899,353.05093,6,315,1,0.1087,821128,False,False
25,2020-06-20,85,RJ,Nova Iguaçu,3303500,city,2893,352.32022,-41,314,5,0.1085,821128,False,False
25,2020-06-19,84,RJ,Nova Iguaçu,3303500,city,2934,357.31335,164,309,13,0.1053,821128,False,False
25,2020-06-18,83,RJ,Nova Iguaçu,3303500,city,2770,337.34083,5,296,9,0.1069,821128,False,False
25,2020-06-17,82,RJ,Nova Iguaçu,3303500,city,2765,336.73191,107,287,1,0.1038,821128,False,False
25,2020-06-16,81,RJ,Nova Iguaçu,3303500,city,2658,323.70106,79,286,7,0.1076,821128,False,False
25,2020-06-15,80,RJ,Nova Iguaçu,3303500,city,2579,314.08014,22,279,1,0.1082,821128,False,False
25,2020-06-14,79,RJ,Nova Iguaçu,3303500,city,2557,311.4009,16,278,4,0.1087,821128,False,False
24,2020-06-13,78,RJ,Nova Iguaçu,3303500,city,2541,309.45236,21,274,8,0.1078,821128,False,False
24,2020-06-12,77,RJ,Nova Iguaçu,3303500,city,2520,306.89491,77,266,1,0.1056,821128,False,False
24,2020-06-11,76,RJ,Nova Iguaçu,3303500,city,2443,297.51756,35,265,3,0.1085,821128,False,False
24,2020-06-10,75,RJ,Nova Iguaçu,3303500,city,2408,293.25513,-4,262,9,0.1088,821128,False,False
24,2020-06-09,74,RJ,Nova Iguaçu,3303500,city,2412,293.74227,231,253,4,0.1049,821128,False,False
24,2020-06-08,73,RJ,Nova Iguaçu,3303500,city,2181,265.61023,-2,249,2,0.1142,821128,False,False
24,2020-06-07,72,RJ,Nova Iguaçu,3303500,city,2183,265.8538,114,247,5,0.1131,821128,False,False
23,2020-06-06,71,RJ,Nova Iguaçu,3303500,city,2069,251.97046,52,242,13,0.117,821128,False,False
23,2020-06-05,70,RJ,Nova Iguaçu,3303500,city,2017,245.63771,82,229,10,0.1135,821128,False,False
23,2020-06-04,69,RJ,Nova Iguaçu,3303500,city,1935,235.65145,60,219,17,0.1132,821128,False,False
23,2020-06-03,68,RJ,Nova Iguaçu,3303500,city,1875,228.34442,48,202,11,0.1077,821128,False,False
23,2020-06-02,67,RJ,Nova Iguaçu,3303500,city,1827,222.49881,22,191,3,0.1045,821128,False,False
23,2020-06-01,66,RJ,Nova Iguaçu,3303500,city,1805,219.81957,35,188,6,0.1042,821128,False,False
23,2020-05-31,65,RJ,Nova Iguaçu,3303500,city,1770,215.55714,4,182,0,0.1028,821128,False,False
22,2020-05-30,64,RJ,Nova Iguaçu,3303500,city,1766,215.07,313,182,17,0.1031,821128,False,False
22,2020-05-29,63,RJ,Nova Iguaçu,3303500,city,1453,176.95171,73,165,6,0.1136,821128,False,False
22,2020-05-28,62,RJ,Nova Iguaçu,3303500,city,1380,168.0615,74,159,7,0.1152,821128,False,False
22,2020-05-27,61,RJ,Nova Iguaçu,3303500,city,1306,159.0495,8,152,8,0.1164,821128,False,False
22,2020-05-26,60,RJ,Nova Iguaçu,3303500,city,1298,158.07523,24,144,2,0.1109,821128,False,False
22,2020-05-25,59,RJ,Nova Iguaçu,3303500,city,1274,155.15242,67,142,4,0.1115,821128,False,False
22,2020-05-24,58,RJ,Nova Iguaçu,3303500,city,1207,146.99292,5,138,5,0.1143,821128,False,False
21,2020-05-23,57,RJ,Nova Iguaçu,3303500,city,1202,146.384,11,133,14,0.1106,821128,False,False
21,2020-05-22,56,RJ,Nova Iguaçu,3303500,city,1191,145.04438,6,119,7,0.0999,821128,False,False
21,2020-05-21,55,RJ,Nova Iguaçu,3303500,city,1185,144.31368,6,112,6,0.0945,821128,False,False
21,2020-05-20,54,RJ,Nova Iguaçu,3303500,city,1179,143.58297,7,106,7,0.0899,821128,False,False
21,2020-05-19,53,RJ,Nova Iguaçu,3303500,city,1172,142.73049,4,99,4,0.0845,821128,False,False
21,2020-05-18,52,RJ,Nova Iguaçu,3303500,city,1168,142.24335,402,95,0,0.0813,821128,False,False
21,2020-05-17,51,RJ,Nova Iguaçu,3303500,city,766,93.28631,5,95,5,0.124,821128,False,False
20,2020-05-16,50,RJ,Nova Iguaçu,3303500,city,761,92.67739,7,90,2,0.1183,821128,False,False
20,2020-05-15,49,RJ,Nova Iguaçu,3303500,city,754,91.8249,4,88,4,0.1167,821128,False,False
20,2020-05-14,48,RJ,Nova Iguaçu,3303500,city,750,91.33777,52,84,9,0.112,821128,False,False
20,2020-05-13,47,RJ,Nova Iguaçu,3303500,city,698,85.00502,2,75,3,0.1074,821128,False,False
20,2020-05-12,46,RJ,Nova Iguaçu,3303500,city,696,84.76145,28,72,4,0.1034,821128,False,False
20,2020-05-11,45,RJ,Nova Iguaçu,3303500,city,668,81.35151,77,68,2,0.1018,821128,False,False
20,2020-05-10,44,RJ,Nova Iguaçu,3303500,city,591,71.97416,-19,66,3,0.1117,821128,False,False
19,2020-05-09,43,RJ,Nova Iguaçu,3303500,city,610,74.28805,36,63,3,0.1033,821128,False,False
19,2020-05-08,42,RJ,Nova Iguaçu,3303500,city,574,69.90384,80,60,4,0.1045,821128,False,False
19,2020-05-07,41,RJ,Nova Iguaçu,3303500,city,494,60.16114,36,56,3,0.1134,821128,False,False
19,2020-05-06,40,RJ,Nova Iguaçu,3303500,city,458,55.77693,15,53,4,0.1157,821128,False,False
19,2020-05-05,39,RJ,Nova Iguaçu,3303500,city,443,53.95018,5,49,3,0.1106,821128,False,False
19,2020-05-04,38,RJ,Nova Iguaçu,3303500,city,438,53.34126,3,46,2,0.105,821128,False,False
19,2020-05-03,37,RJ,Nova Iguaçu,3303500,city,435,52.97591,20,44,4,0.1011,821128,False,False
18,2020-05-02,36,RJ,Nova Iguaçu,3303500,city,415,50.54023,12,40,2,0.0964,821128,False,False
18,2020-05-01,35,RJ,Nova Iguaçu,3303500,city,403,49.07883,31,38,3,0.0943,821128,False,False
18,2020-04-30,34,RJ,Nova Iguaçu,3303500,city,372,45.30353,33,35,5,0.0941,821128,False,False
18,2020-04-29,33,RJ,Nova Iguaçu,3303500,city,339,41.28467,12,30,4,0.0885,821128,False,False
18,2020-04-28,32,RJ,Nova Iguaçu,3303500,city,327,39.82327,15,26,2,0.0795,821128,False,False
18,2020-04-27,31,RJ,Nova Iguaçu,3303500,city,312,37.99651,2,24,0,0.0769,821128,False,False
18,2020-04-26,30,RJ,Nova Iguaçu,3303500,city,310,37.75294,27,24,1,0.0774,821128,False,False
17,2020-04-25,29,RJ,Nova Iguaçu,3303500,city,283,34.46479,17,23,2,0.0813,821128,False,False
17,2020-04-24,28,RJ,Nova Iguaçu,3303500,city,266,32.39446,2,21,2,0.0789,821128,False,False
17,2020-04-23,27,RJ,Nova Iguaçu,3303500,city,264,32.15089,40,19,1,0.072,821128,False,False
17,2020-04-22,26,RJ,Nova Iguaçu,3303500,city,224,27.27955,28,18,1,0.0804,821128,False,False
17,2020-04-21,25,RJ,Nova Iguaçu,3303500,city,196,23.8696,6,17,2,0.0867,821128,False,False
17,2020-04-20,24,RJ,Nova Iguaçu,3303500,city,190,23.1389,19,15,2,0.0789,821128,False,False
17,2020-04-19,23,RJ,Nova Iguaçu,3303500,city,171,20.82501,11,13,0,0.076,821128,False,False
16,2020-04-18,22,RJ,Nova Iguaçu,3303500,city,160,19.48539,1,13,1,0.0813,821128,False,False
16,2020-04-17,21,RJ,Nova Iguaçu,3303500,city,159,19.36361,9,12,0,0.0755,821128,False,False
16,2020-04-16,20,RJ,Nova Iguaçu,3303500,city,150,18.26755,0,12,1,0.08,821128,False,False
16,2020-04-15,19,RJ,Nova Iguaçu,3303500,city,150,18.26755,28,11,3,0.0733,821128,False,False
16,2020-04-14,18,RJ,Nova Iguaçu,3303500,city,122,14.85761,26,8,3,0.0656,821128,False,False
16,2020-04-13,17,RJ,Nova Iguaçu,3303500,city,96,11.69123,8,5,0,0.0521,821128,False,False
16,2020-04-12,16,RJ,Nova Iguaçu,3303500,city,88,10.71696,15,5,2,0.0568,821128,False,False
15,2020-04-11,15,RJ,Nova Iguaçu,3303500,city,73,8.89021,5,3,0,0.0411,821128,False,False
15,2020-04-10,14,RJ,Nova Iguaçu,3303500,city,68,8.28129,11,3,1,0.0441,821128,False,False
15,2020-04-09,13,RJ,Nova Iguaçu,3303500,city,57,6.94167,7,2,0,0.0351,821128,False,False
15,2020-04-08,12,RJ,Nova Iguaçu,3303500,city,50,6.08918,12,2,0,0.04,821128,False,False
15,2020-04-07,11,RJ,Nova Iguaçu,3303500,city,38,4.62778,9,2,0,0.0526,821128,False,False
15,2020-04-06,10,RJ,Nova Iguaçu,3303500,city,29,3.53173,0,2,0,0.069,821128,False,False
15,2020-04-05,9,RJ,Nova Iguaçu,3303500,city,29,3.53173,10,2,0,0.069,821128,False,False
14,2020-04-04,8,RJ,Nova Iguaçu,3303500,city,19,2.31389,8,2,2,0.1053,821128,False,False
14,2020-04-03,7,RJ,Nova Iguaçu,3303500,city,11,1.33962,3,0,0,0.0,821128,False,False
14,2020-04-02,6,RJ,Nova Iguaçu,3303500,city,8,0.97427,1,0,0,0.0,821128,False,False
14,2020-04-01,5,RJ,Nova Iguaçu,3303500,city,7,0.85249,0,0,0,0.0,821128,False,False
14,2020-03-31,4,RJ,Nova Iguaçu,3303500,city,7,0.85249,0,0,0,0.0,821128,False,False
14,2020-03-30,3,RJ,Nova Iguaçu,3303500,city,7,0.85249,4,0,0,0.0,821128,False,False
14,2020-03-29,2,RJ,Nova Iguaçu,3303500,city,3,0.36535,2,0,0,0.0,821128,False,False
13,2020-03-28,1,RJ,Nova Iguaçu,3303500,city,1,0.12178,1,0,0,0.0,821128,False,False
