epidemiological_week,date,order_for_place,state,city,city_ibge_code,place_type,last_available_confirmed,last_available_confirmed_per_100k_inhabitants,new_confirmed,last_available_deaths,new_deaths,last_available_death_rate,estimated_population_2019,is_last,is_repeated
33,2020-08-13,137,RJ,Queimados,3304144,city,2090,1390.37647,0,44,0,0.0211,150319,False,True
33,2020-08-12,136,RJ,Queimados,3304144,city,2090,1390.37647,14,44,0,0.0211,150319,True,False
33,2020-08-11,135,RJ,Queimados,3304144,city,2076,1381.06294,3,44,0,0.0212,150319,False,False
33,2020-08-10,134,RJ,Queimados,3304144,city,2073,1379.06718,-2,44,0,0.0212,150319,False,False
33,2020-08-09,133,RJ,Queimados,3304144,city,2075,1380.39769,2,44,1,0.0212,150319,False,False
32,2020-08-08,132,RJ,Queimados,3304144,city,2073,1379.06718,13,43,0,0.0207,150319,False,False
32,2020-08-07,131,RJ,Queimados,3304144,city,2060,1370.41891,-2,43,0,0.0209,150319,False,False
32,2020-08-06,130,RJ,Queimados,3304144,city,2062,1371.74941,8,43,0,0.0209,150319,False,False
32,2020-08-05,129,RJ,Queimados,3304144,city,2054,1366.4274,17,43,2,0.0209,150319,False,False
32,2020-08-04,128,RJ,Queimados,3304144,city,2037,1355.11812,1,41,0,0.0201,150319,False,False
32,2020-08-03,127,RJ,Queimados,3304144,city,2036,1354.45286,14,41,0,0.0201,150319,False,False
32,2020-08-02,126,RJ,Queimados,3304144,city,2022,1345.13934,0,41,0,0.0203,150319,False,False
31,2020-08-01,125,RJ,Queimados,3304144,city,2022,1345.13934,5,41,1,0.0203,150319,False,False
31,2020-07-31,124,RJ,Queimados,3304144,city,2017,1341.81308,5,40,0,0.0198,150319,False,False
31,2020-07-30,123,RJ,Queimados,3304144,city,2012,1338.48682,15,40,0,0.0199,150319,False,False
31,2020-07-29,122,RJ,Queimados,3304144,city,1997,1328.50804,8,40,1,0.02,150319,False,False
31,2020-07-28,121,RJ,Queimados,3304144,city,1989,1323.18602,32,39,1,0.0196,150319,False,False
31,2020-07-27,120,RJ,Queimados,3304144,city,1957,1301.89796,0,38,0,0.0194,150319,False,False
31,2020-07-26,119,RJ,Queimados,3304144,city,1957,1301.89796,0,38,0,0.0194,150319,False,False
30,2020-07-25,118,RJ,Queimados,3304144,city,1957,1301.89796,25,38,0,0.0194,150319,False,False
30,2020-07-24,117,RJ,Queimados,3304144,city,1932,1285.26667,7,38,0,0.0197,150319,False,False
30,2020-07-23,116,RJ,Queimados,3304144,city,1925,1280.6099,12,38,0,0.0197,150319,False,False
30,2020-07-22,115,RJ,Queimados,3304144,city,1913,1272.62688,27,38,0,0.0199,150319,False,False
30,2020-07-21,114,RJ,Queimados,3304144,city,1886,1254.66508,-91,38,0,0.0201,150319,False,False
30,2020-07-20,113,RJ,Queimados,3304144,city,1977,1315.203,47,38,0,0.0192,150319,False,False
30,2020-07-19,112,RJ,Queimados,3304144,city,1930,1283.93616,31,38,1,0.0197,150319,False,False
29,2020-07-18,111,RJ,Queimados,3304144,city,1899,1263.31335,0,37,0,0.0195,150319,False,True
29,2020-07-17,110,RJ,Queimados,3304144,city,1899,1263.31335,41,37,0,0.0195,150319,False,False
29,2020-07-16,109,RJ,Queimados,3304144,city,1858,1236.03803,1,37,1,0.0199,150319,False,False
29,2020-07-15,108,RJ,Queimados,3304144,city,1857,1235.37277,22,36,0,0.0194,150319,False,False
29,2020-07-14,107,RJ,Queimados,3304144,city,1835,1220.73723,3,36,1,0.0196,150319,False,False
29,2020-07-13,106,RJ,Queimados,3304144,city,1832,1218.74148,10,35,0,0.0191,150319,False,False
29,2020-07-12,105,RJ,Queimados,3304144,city,1822,1212.08896,0,35,0,0.0192,150319,False,False
28,2020-07-11,104,RJ,Queimados,3304144,city,1822,1212.08896,1,35,1,0.0192,150319,False,False
28,2020-07-10,103,RJ,Queimados,3304144,city,1821,1211.42371,1,34,1,0.0187,150319,False,False
28,2020-07-09,102,RJ,Queimados,3304144,city,1820,1210.75845,-3,33,0,0.0181,150319,False,False
28,2020-07-08,101,RJ,Queimados,3304144,city,1823,1212.75421,46,33,2,0.0181,150319,False,False
28,2020-07-07,100,RJ,Queimados,3304144,city,1777,1182.15262,5,31,0,0.0174,150319,False,False
28,2020-07-06,99,RJ,Queimados,3304144,city,1772,1178.82636,1,31,0,0.0175,150319,False,False
28,2020-07-05,98,RJ,Queimados,3304144,city,1771,1178.16111,16,31,0,0.0175,150319,False,False
27,2020-07-04,97,RJ,Queimados,3304144,city,1755,1167.51708,16,31,0,0.0177,150319,False,False
27,2020-07-03,96,RJ,Queimados,3304144,city,1739,1156.87305,15,31,2,0.0178,150319,False,False
27,2020-07-02,95,RJ,Queimados,3304144,city,1724,1146.89427,26,29,0,0.0168,150319,False,False
27,2020-07-01,94,RJ,Queimados,3304144,city,1698,1129.59772,68,29,0,0.0171,150319,False,False
27,2020-06-30,93,RJ,Queimados,3304144,city,1630,1084.36059,1,29,1,0.0178,150319,False,False
27,2020-06-29,92,RJ,Queimados,3304144,city,1629,1083.69534,2,28,0,0.0172,150319,False,False
27,2020-06-28,91,RJ,Queimados,3304144,city,1627,1082.36484,22,28,0,0.0172,150319,False,False
26,2020-06-27,90,RJ,Queimados,3304144,city,1605,1067.7293,1,28,0,0.0174,150319,False,False
26,2020-06-26,89,RJ,Queimados,3304144,city,1604,1067.06404,39,28,0,0.0175,150319,False,False
26,2020-06-25,88,RJ,Queimados,3304144,city,1565,1041.11922,5,28,0,0.0179,150319,False,False
26,2020-06-24,87,RJ,Queimados,3304144,city,1560,1037.79296,14,28,0,0.0179,150319,False,False
26,2020-06-23,86,RJ,Queimados,3304144,city,1546,1028.47943,19,28,0,0.0181,150319,False,False
26,2020-06-22,85,RJ,Queimados,3304144,city,1527,1015.83965,40,28,0,0.0183,150319,False,False
26,2020-06-21,84,RJ,Queimados,3304144,city,1487,989.22957,13,28,1,0.0188,150319,False,False
25,2020-06-20,83,RJ,Queimados,3304144,city,1474,980.5813,37,27,3,0.0183,150319,False,False
25,2020-06-19,82,RJ,Queimados,3304144,city,1437,955.96698,117,24,1,0.0167,150319,False,False
25,2020-06-18,81,RJ,Queimados,3304144,city,1320,878.1325,0,23,1,0.0174,150319,False,False
25,2020-06-17,80,RJ,Queimados,3304144,city,1320,878.1325,9,22,0,0.0167,150319,False,False
25,2020-06-16,79,RJ,Queimados,3304144,city,1311,872.14524,5,22,2,0.0168,150319,False,False
25,2020-06-15,78,RJ,Queimados,3304144,city,1306,868.81898,5,20,0,0.0153,150319,False,False
25,2020-06-14,77,RJ,Queimados,3304144,city,1301,865.49272,10,20,0,0.0154,150319,False,False
24,2020-06-13,76,RJ,Queimados,3304144,city,1291,858.8402,24,20,1,0.0155,150319,False,False
24,2020-06-12,75,RJ,Queimados,3304144,city,1267,842.87415,12,19,0,0.015,150319,False,False
24,2020-06-11,74,RJ,Queimados,3304144,city,1255,834.89113,-70,19,1,0.0151,150319,False,False
24,2020-06-10,73,RJ,Queimados,3304144,city,1325,881.45876,-14,18,0,0.0136,150319,False,False
24,2020-06-09,72,RJ,Queimados,3304144,city,1339,890.77229,88,18,0,0.0134,150319,False,False
24,2020-06-08,71,RJ,Queimados,3304144,city,1251,832.23012,16,18,0,0.0144,150319,False,False
24,2020-06-07,70,RJ,Queimados,3304144,city,1235,821.58609,49,18,0,0.0146,150319,False,False
23,2020-06-06,69,RJ,Queimados,3304144,city,1186,788.98875,18,18,0,0.0152,150319,False,False
23,2020-06-05,68,RJ,Queimados,3304144,city,1168,777.01422,48,18,1,0.0154,150319,False,False
23,2020-06-04,67,RJ,Queimados,3304144,city,1120,745.08213,33,17,2,0.0152,150319,False,False
23,2020-06-03,66,RJ,Queimados,3304144,city,1087,723.12881,31,15,0,0.0138,150319,False,False
23,2020-06-02,65,RJ,Queimados,3304144,city,1056,702.506,67,15,0,0.0142,150319,False,False
23,2020-06-01,64,RJ,Queimados,3304144,city,989,657.93413,4,15,0,0.0152,150319,False,False
23,2020-05-31,63,RJ,Queimados,3304144,city,985,655.27312,2,15,0,0.0152,150319,False,False
22,2020-05-30,62,RJ,Queimados,3304144,city,983,653.94262,22,15,1,0.0153,150319,False,False
22,2020-05-29,61,RJ,Queimados,3304144,city,961,639.30707,70,14,0,0.0146,150319,False,False
22,2020-05-28,60,RJ,Queimados,3304144,city,891,592.73944,2,14,2,0.0157,150319,False,False
22,2020-05-27,59,RJ,Queimados,3304144,city,889,591.40894,2,12,2,0.0135,150319,False,False
22,2020-05-26,58,RJ,Queimados,3304144,city,887,590.07843,17,10,0,0.0113,150319,False,False
22,2020-05-25,57,RJ,Queimados,3304144,city,870,578.76915,47,10,0,0.0115,150319,False,False
22,2020-05-24,56,RJ,Queimados,3304144,city,823,547.50231,439,10,0,0.0122,150319,False,False
21,2020-05-23,55,RJ,Queimados,3304144,city,384,255.45673,0,10,0,0.026,150319,False,False
21,2020-05-22,54,RJ,Queimados,3304144,city,384,255.45673,0,10,0,0.026,150319,False,False
21,2020-05-21,53,RJ,Queimados,3304144,city,384,255.45673,0,10,0,0.026,150319,False,False
21,2020-05-20,52,RJ,Queimados,3304144,city,384,255.45673,1,10,1,0.026,150319,False,False
21,2020-05-19,51,RJ,Queimados,3304144,city,383,254.79148,0,9,0,0.0235,150319,False,False
21,2020-05-18,50,RJ,Queimados,3304144,city,383,254.79148,258,9,1,0.0235,150319,False,False
21,2020-05-17,49,RJ,Queimados,3304144,city,125,83.15649,1,8,1,0.064,150319,False,False
20,2020-05-16,48,RJ,Queimados,3304144,city,124,82.49124,0,7,0,0.0565,150319,False,False
20,2020-05-15,47,RJ,Queimados,3304144,city,124,82.49124,1,7,1,0.0565,150319,False,False
20,2020-05-14,46,RJ,Queimados,3304144,city,123,81.82598,3,6,0,0.0488,150319,False,False
20,2020-05-13,45,RJ,Queimados,3304144,city,120,79.83023,1,6,1,0.05,150319,False,False
20,2020-05-12,44,RJ,Queimados,3304144,city,119,79.16498,6,5,0,0.042,150319,False,False
20,2020-05-11,43,RJ,Queimados,3304144,city,113,75.17346,9,5,0,0.0442,150319,False,False
20,2020-05-10,42,RJ,Queimados,3304144,city,104,69.1862,-5,5,0,0.0481,150319,False,False
19,2020-05-09,41,RJ,Queimados,3304144,city,109,72.51246,5,5,0,0.0459,150319,False,False
19,2020-05-08,40,RJ,Queimados,3304144,city,104,69.1862,28,5,0,0.0481,150319,False,False
19,2020-05-07,39,RJ,Queimados,3304144,city,76,50.55914,4,5,0,0.0658,150319,False,False
19,2020-05-06,38,RJ,Queimados,3304144,city,72,47.89814,0,5,0,0.0694,150319,False,False
19,2020-05-05,37,RJ,Queimados,3304144,city,72,47.89814,2,5,0,0.0694,150319,False,False
19,2020-05-04,36,RJ,Queimados,3304144,city,70,46.56763,1,5,1,0.0714,150319,False,False
19,2020-05-03,35,RJ,Queimados,3304144,city,69,45.90238,11,4,0,0.058,150319,False,False
18,2020-05-02,34,RJ,Queimados,3304144,city,58,38.58461,2,4,0,0.069,150319,False,False
18,2020-05-01,33,RJ,Queimados,3304144,city,56,37.25411,6,4,0,0.0714,150319,False,False
18,2020-04-30,32,RJ,Queimados,3304144,city,50,33.26259,2,4,0,0.08,150319,False,False
18,2020-04-29,31,RJ,Queimados,3304144,city,48,31.93209,1,4,1,0.0833,150319,False,False
18,2020-04-28,30,RJ,Queimados,3304144,city,47,31.26684,3,3,0,0.0638,150319,False,False
18,2020-04-27,29,RJ,Queimados,3304144,city,44,29.27108,0,3,0,0.0682,150319,False,False
18,2020-04-26,28,RJ,Queimados,3304144,city,44,29.27108,6,3,0,0.0682,150319,False,False
17,2020-04-25,27,RJ,Queimados,3304144,city,38,25.27957,2,3,0,0.0789,150319,False,False
17,2020-04-24,26,RJ,Queimados,3304144,city,36,23.94907,1,3,0,0.0833,150319,False,False
17,2020-04-23,25,RJ,Queimados,3304144,city,35,23.28382,3,3,0,0.0857,150319,False,False
17,2020-04-22,24,RJ,Queimados,3304144,city,32,21.28806,13,3,2,0.0938,150319,False,False
17,2020-04-21,23,RJ,Queimados,3304144,city,19,12.63979,2,1,0,0.0526,150319,False,False
17,2020-04-20,22,RJ,Queimados,3304144,city,17,11.30928,2,1,0,0.0588,150319,False,False
17,2020-04-19,21,RJ,Queimados,3304144,city,15,9.97878,-1,1,0,0.0667,150319,False,False
16,2020-04-18,20,RJ,Queimados,3304144,city,16,10.64403,0,1,0,0.0625,150319,False,False
16,2020-04-17,19,RJ,Queimados,3304144,city,16,10.64403,1,1,0,0.0625,150319,False,False
16,2020-04-16,18,RJ,Queimados,3304144,city,15,9.97878,0,1,0,0.0667,150319,False,False
16,2020-04-15,17,RJ,Queimados,3304144,city,15,9.97878,2,1,0,0.0667,150319,False,False
16,2020-04-14,16,RJ,Queimados,3304144,city,13,8.64827,2,1,1,0.0769,150319,False,False
16,2020-04-13,15,RJ,Queimados,3304144,city,11,7.31777,0,0,0,0.0,150319,False,False
16,2020-04-12,14,RJ,Queimados,3304144,city,11,7.31777,1,0,0,0.0,150319,False,False
15,2020-04-11,13,RJ,Queimados,3304144,city,10,6.65252,2,0,0,0.0,150319,False,False
15,2020-04-10,12,RJ,Queimados,3304144,city,8,5.32202,1,0,0,0.0,150319,False,False
15,2020-04-09,11,RJ,Queimados,3304144,city,7,4.65676,2,0,0,0.0,150319,False,False
15,2020-04-08,10,RJ,Queimados,3304144,city,5,3.32626,0,0,0,0.0,150319,False,False
15,2020-04-07,9,RJ,Queimados,3304144,city,5,3.32626,1,0,0,0.0,150319,False,False
15,2020-04-06,8,RJ,Queimados,3304144,city,4,2.66101,2,0,0,0.0,150319,False,False
15,2020-04-05,7,RJ,Queimados,3304144,city,2,1.3305,0,0,0,0.0,150319,False,False
14,2020-04-04,6,RJ,Queimados,3304144,city,2,1.3305,0,0,0,0.0,150319,False,False
14,2020-04-03,5,RJ,Queimados,3304144,city,2,1.3305,1,0,0,0.0,150319,False,False
14,2020-04-02,4,RJ,Queimados,3304144,city,1,0.66525,0,0,0,0.0,150319,False,False
14,2020-04-01,3,RJ,Queimados,3304144,city,1,0.66525,0,0,0,0.0,150319,False,False
14,2020-03-31,2,RJ,Queimados,3304144,city,1,0.66525,0,0,0,0.0,150319,False,False
14,2020-03-30,1,RJ,Queimados,3304144,city,1,0.66525,1,0,0,0.0,150319,False,False
