epidemiological_week,date,order_for_place,state,city,city_ibge_code,place_type,last_available_confirmed,last_available_confirmed_per_100k_inhabitants,new_confirmed,last_available_deaths,new_deaths,last_available_death_rate,estimated_population_2019,is_last,is_repeated
33,2020-08-13,161,RJ,Rio de Janeiro,3304557,city,77627,1155.35229,0,8710,0,0.1122,6718903,False,True
33,2020-08-12,160,RJ,Rio de Janeiro,3304557,city,77627,1155.35229,1525,8710,45,0.1122,6718903,True,False
33,2020-08-11,159,RJ,Rio de Janeiro,3304557,city,76102,1132.65514,1428,8665,43,0.1139,6718903,False,False
33,2020-08-10,158,RJ,Rio de Janeiro,3304557,city,74674,1111.40167,253,8622,10,0.1155,6718903,False,False
33,2020-08-09,157,RJ,Rio de Janeiro,3304557,city,74421,1107.63617,18,8612,6,0.1157,6718903,False,False
32,2020-08-08,156,RJ,Rio de Janeiro,3304557,city,74403,1107.36827,548,8606,10,0.1157,6718903,False,False
32,2020-08-07,155,RJ,Rio de Janeiro,3304557,city,73855,1099.21218,338,8596,56,0.1164,6718903,False,False
32,2020-08-06,154,RJ,Rio de Janeiro,3304557,city,73517,1094.18159,121,8540,41,0.1162,6718903,False,False
32,2020-08-05,153,RJ,Rio de Janeiro,3304557,city,73396,1092.38071,674,8499,80,0.1158,6718903,False,False
32,2020-08-04,152,RJ,Rio de Janeiro,3304557,city,72722,1082.34931,643,8419,48,0.1158,6718903,False,False
32,2020-08-03,151,RJ,Rio de Janeiro,3304557,city,72079,1072.77929,277,8371,13,0.1161,6718903,False,False
32,2020-08-02,150,RJ,Rio de Janeiro,3304557,city,71802,1068.65659,10,8358,14,0.1164,6718903,False,False
31,2020-08-01,149,RJ,Rio de Janeiro,3304557,city,71792,1068.50776,470,8344,34,0.1162,6718903,False,False
31,2020-07-31,148,RJ,Rio de Janeiro,3304557,city,71322,1061.51257,333,8310,40,0.1165,6718903,False,False
31,2020-07-30,147,RJ,Rio de Janeiro,3304557,city,70989,1056.55641,297,8270,50,0.1165,6718903,False,False
31,2020-07-29,146,RJ,Rio de Janeiro,3304557,city,70692,1052.13604,252,8220,96,0.1163,6718903,False,False
31,2020-07-28,145,RJ,Rio de Janeiro,3304557,city,70440,1048.38543,70,8124,71,0.1153,6718903,False,False
31,2020-07-27,144,RJ,Rio de Janeiro,3304557,city,70370,1047.34359,800,8053,30,0.1144,6718903,False,False
31,2020-07-26,143,RJ,Rio de Janeiro,3304557,city,69570,1035.43689,24,8023,19,0.1153,6718903,False,False
30,2020-07-25,142,RJ,Rio de Janeiro,3304557,city,69546,1035.07968,90,8004,63,0.1151,6718903,False,False
30,2020-07-24,141,RJ,Rio de Janeiro,3304557,city,69456,1033.74018,946,7941,28,0.1143,6718903,False,False
30,2020-07-23,140,RJ,Rio de Janeiro,3304557,city,68510,1019.6605,176,7913,26,0.1155,6718903,False,False
30,2020-07-22,139,RJ,Rio de Janeiro,3304557,city,68334,1017.04103,1213,7887,91,0.1154,6718903,False,False
30,2020-07-21,138,RJ,Rio de Janeiro,3304557,city,67121,998.98748,85,7796,63,0.1161,6718903,False,False
30,2020-07-20,137,RJ,Rio de Janeiro,3304557,city,67036,997.7224,127,7733,30,0.1154,6718903,False,False
30,2020-07-19,136,RJ,Rio de Janeiro,3304557,city,66909,995.83221,1213,7703,82,0.1151,6718903,False,False
29,2020-07-18,135,RJ,Rio de Janeiro,3304557,city,65696,977.77866,0,7621,0,0.116,6718903,False,True
29,2020-07-17,134,RJ,Rio de Janeiro,3304557,city,65696,977.77866,125,7621,71,0.116,6718903,False,False
29,2020-07-16,133,RJ,Rio de Janeiro,3304557,city,65571,975.91824,82,7550,50,0.1151,6718903,False,False
29,2020-07-15,132,RJ,Rio de Janeiro,3304557,city,65489,974.6978,368,7500,68,0.1145,6718903,False,False
29,2020-07-14,131,RJ,Rio de Janeiro,3304557,city,65121,969.22072,486,7432,77,0.1141,6718903,False,False
29,2020-07-13,130,RJ,Rio de Janeiro,3304557,city,64635,961.9874,525,7355,45,0.1138,6718903,False,False
29,2020-07-12,129,RJ,Rio de Janeiro,3304557,city,64110,954.17362,8,7310,8,0.114,6718903,False,False
28,2020-07-11,128,RJ,Rio de Janeiro,3304557,city,64102,954.05455,75,7302,48,0.1139,6718903,False,False
28,2020-07-10,127,RJ,Rio de Janeiro,3304557,city,64027,952.9383,631,7254,76,0.1133,6718903,False,False
28,2020-07-09,126,RJ,Rio de Janeiro,3304557,city,63396,943.54689,933,7178,77,0.1132,6718903,False,False
28,2020-07-08,125,RJ,Rio de Janeiro,3304557,city,62463,929.66069,805,7101,46,0.1137,6718903,False,False
28,2020-07-07,124,RJ,Rio de Janeiro,3304557,city,61658,917.67957,1062,7055,131,0.1144,6718903,False,False
28,2020-07-06,123,RJ,Rio de Janeiro,3304557,city,60596,901.87342,363,6924,26,0.1143,6718903,False,False
28,2020-07-05,122,RJ,Rio de Janeiro,3304557,city,60233,896.47075,200,6898,29,0.1145,6718903,False,False
27,2020-07-04,121,RJ,Rio de Janeiro,3304557,city,60033,893.49407,585,6869,78,0.1144,6718903,False,False
27,2020-07-03,120,RJ,Rio de Janeiro,3304557,city,59448,884.78729,833,6791,102,0.1142,6718903,False,False
27,2020-07-02,119,RJ,Rio de Janeiro,3304557,city,58615,872.38944,736,6689,71,0.1141,6718903,False,False
27,2020-07-01,118,RJ,Rio de Janeiro,3304557,city,57879,861.43527,943,6618,68,0.1143,6718903,False,False
27,2020-06-30,117,RJ,Rio de Janeiro,3304557,city,56936,847.40024,585,6550,133,0.115,6718903,False,False
27,2020-06-29,116,RJ,Rio de Janeiro,3304557,city,56351,838.69346,291,6417,24,0.1139,6718903,False,False
27,2020-06-28,115,RJ,Rio de Janeiro,3304557,city,56060,834.3624,774,6393,27,0.114,6718903,False,False
26,2020-06-27,114,RJ,Rio de Janeiro,3304557,city,55286,822.84266,134,6366,102,0.1151,6718903,False,False
26,2020-06-26,113,RJ,Rio de Janeiro,3304557,city,55152,820.84828,983,6264,103,0.1136,6718903,False,False
26,2020-06-25,112,RJ,Rio de Janeiro,3304557,city,54169,806.21792,862,6161,74,0.1137,6718903,False,False
26,2020-06-24,111,RJ,Rio de Janeiro,3304557,city,53307,793.38844,982,6087,87,0.1142,6718903,False,False
26,2020-06-23,110,RJ,Rio de Janeiro,3304557,city,52325,778.77296,1403,6000,125,0.1147,6718903,False,False
26,2020-06-22,109,RJ,Rio de Janeiro,3304557,city,50922,757.89158,492,5875,43,0.1154,6718903,False,False
26,2020-06-21,108,RJ,Rio de Janeiro,3304557,city,50430,750.56895,301,5832,41,0.1156,6718903,False,False
25,2020-06-20,107,RJ,Rio de Janeiro,3304557,city,50129,746.08906,1376,5791,159,0.1155,6718903,False,False
25,2020-06-19,106,RJ,Rio de Janeiro,3304557,city,48753,725.60952,2498,5632,124,0.1155,6718903,False,False
25,2020-06-18,105,RJ,Rio de Janeiro,3304557,city,46255,688.43083,277,5508,165,0.1191,6718903,False,False
25,2020-06-17,104,RJ,Rio de Janeiro,3304557,city,45978,684.30814,2104,5343,104,0.1162,6718903,False,False
25,2020-06-16,103,RJ,Rio de Janeiro,3304557,city,43874,652.9935,1489,5239,149,0.1194,6718903,False,False
25,2020-06-15,102,RJ,Rio de Janeiro,3304557,city,42385,630.83215,617,5090,47,0.1201,6718903,False,False
25,2020-06-14,101,RJ,Rio de Janeiro,3304557,city,41768,621.6491,357,5043,50,0.1207,6718903,False,False
24,2020-06-13,100,RJ,Rio de Janeiro,3304557,city,41411,616.33573,907,4993,116,0.1206,6718903,False,False
24,2020-06-12,99,RJ,Rio de Janeiro,3304557,city,40504,602.8365,487,4877,27,0.1204,6718903,False,False
24,2020-06-11,98,RJ,Rio de Janeiro,3304557,city,40017,595.5883,1057,4850,134,0.1212,6718903,False,False
24,2020-06-10,97,RJ,Rio de Janeiro,3304557,city,38960,579.85656,1057,4716,117,0.121,6718903,False,False
24,2020-06-09,96,RJ,Rio de Janeiro,3304557,city,37903,564.12483,1010,4599,83,0.1213,6718903,False,False
24,2020-06-08,95,RJ,Rio de Janeiro,3304557,city,36893,549.09261,778,4516,54,0.1224,6718903,False,False
24,2020-06-07,94,RJ,Rio de Janeiro,3304557,city,36115,537.51334,412,4462,61,0.1235,6718903,False,False
23,2020-06-06,93,RJ,Rio de Janeiro,3304557,city,35703,531.38139,660,4401,92,0.1233,6718903,False,False
23,2020-06-05,92,RJ,Rio de Janeiro,3304557,city,35043,521.55836,1348,4309,78,0.123,6718903,False,False
23,2020-06-04,91,RJ,Rio de Janeiro,3304557,city,33695,501.49556,744,4231,176,0.1256,6718903,False,False
23,2020-06-03,90,RJ,Rio de Janeiro,3304557,city,32951,490.42232,1747,4055,227,0.1231,6718903,False,False
23,2020-06-02,89,RJ,Rio de Janeiro,3304557,city,31204,464.42105,1190,3828,157,0.1227,6718903,False,False
23,2020-06-01,88,RJ,Rio de Janeiro,3304557,city,30014,446.70983,857,3671,93,0.1223,6718903,False,False
23,2020-05-31,87,RJ,Rio de Janeiro,3304557,city,29157,433.95477,676,3578,53,0.1227,6718903,False,False
22,2020-05-30,86,RJ,Rio de Janeiro,3304557,city,28481,423.8936,1170,3525,95,0.1238,6718903,False,False
22,2020-05-29,85,RJ,Rio de Janeiro,3304557,city,27311,406.48005,1337,3430,137,0.1256,6718903,False,False
22,2020-05-28,84,RJ,Rio de Janeiro,3304557,city,25974,386.58096,1224,3293,158,0.1268,6718903,False,False
22,2020-05-27,83,RJ,Rio de Janeiro,3304557,city,24750,368.3637,1460,3135,157,0.1267,6718903,False,False
22,2020-05-26,82,RJ,Rio de Janeiro,3304557,city,23290,346.63397,824,2978,147,0.1279,6718903,False,False
22,2020-05-25,81,RJ,Rio de Janeiro,3304557,city,22466,334.37006,691,2831,76,0.126,6718903,False,False
22,2020-05-24,80,RJ,Rio de Janeiro,3304557,city,21775,324.08564,732,2755,53,0.1265,6718903,False,False
21,2020-05-23,79,RJ,Rio de Janeiro,3304557,city,21043,313.19101,882,2702,182,0.1284,6718903,False,False
21,2020-05-22,78,RJ,Rio de Janeiro,3304557,city,20161,300.06386,1418,2520,144,0.125,6718903,False,False
21,2020-05-21,77,RJ,Rio de Janeiro,3304557,city,18743,278.95923,1677,2376,127,0.1268,6718903,False,False
21,2020-05-20,76,RJ,Rio de Janeiro,3304557,city,17066,253.9998,2535,2249,114,0.1318,6718903,False,False
21,2020-05-19,75,RJ,Rio de Janeiro,3304557,city,14531,216.27042,1088,2135,175,0.1469,6718903,False,False
21,2020-05-18,74,RJ,Rio de Janeiro,3304557,city,13443,200.0773,522,1960,119,0.1458,6718903,False,False
21,2020-05-17,73,RJ,Rio de Janeiro,3304557,city,12921,192.30818,626,1841,90,0.1425,6718903,False,False
20,2020-05-16,72,RJ,Rio de Janeiro,3304557,city,12295,182.99118,580,1751,120,0.1424,6718903,False,False
20,2020-05-15,71,RJ,Rio de Janeiro,3304557,city,11715,174.35882,451,1631,122,0.1392,6718903,False,False
20,2020-05-14,70,RJ,Rio de Janeiro,3304557,city,11264,167.64641,238,1509,146,0.134,6718903,False,False
20,2020-05-13,69,RJ,Rio de Janeiro,3304557,city,11026,164.10417,210,1363,84,0.1236,6718903,False,False
20,2020-05-12,68,RJ,Rio de Janeiro,3304557,city,10816,160.97866,197,1279,107,0.1183,6718903,False,False
20,2020-05-11,67,RJ,Rio de Janeiro,3304557,city,10619,158.04663,99,1172,46,0.1104,6718903,False,False
20,2020-05-10,66,RJ,Rio de Janeiro,3304557,city,10520,156.57318,41,1126,34,0.107,6718903,False,False
19,2020-05-09,65,RJ,Rio de Janeiro,3304557,city,10479,155.96296,807,1092,90,0.1042,6718903,False,False
19,2020-05-08,64,RJ,Rio de Janeiro,3304557,city,9672,143.95207,621,1002,83,0.1036,6718903,False,False
19,2020-05-07,63,RJ,Rio de Janeiro,3304557,city,9051,134.70949,474,919,155,0.1015,6718903,False,False
19,2020-05-06,62,RJ,Rio de Janeiro,3304557,city,8577,127.65477,745,764,51,0.0891,6718903,False,False
19,2020-05-05,61,RJ,Rio de Janeiro,3304557,city,7832,116.56665,549,713,43,0.091,6718903,False,False
19,2020-05-04,60,RJ,Rio de Janeiro,3304557,city,7283,108.39567,533,670,39,0.092,6718903,False,False
19,2020-05-03,59,RJ,Rio de Janeiro,3304557,city,6750,100.46283,302,631,28,0.0935,6718903,False,False
18,2020-05-02,58,RJ,Rio de Janeiro,3304557,city,6448,95.96805,259,603,29,0.0935,6718903,False,False
18,2020-05-01,57,RJ,Rio de Janeiro,3304557,city,6189,92.11325,286,574,39,0.0927,6718903,False,False
18,2020-04-30,56,RJ,Rio de Janeiro,3304557,city,5903,87.8566,214,535,39,0.0906,6718903,False,False
18,2020-04-29,55,RJ,Rio de Janeiro,3304557,city,5689,84.67156,135,496,40,0.0872,6718903,False,False
18,2020-04-28,54,RJ,Rio de Janeiro,3304557,city,5554,82.6623,293,456,51,0.0821,6718903,False,False
18,2020-04-27,53,RJ,Rio de Janeiro,3304557,city,5261,78.30147,763,405,23,0.077,6718903,False,False
18,2020-04-26,52,RJ,Rio de Janeiro,3304557,city,4498,66.94545,17,382,15,0.0849,6718903,False,False
17,2020-04-25,51,RJ,Rio de Janeiro,3304557,city,4481,66.69243,390,367,20,0.0819,6718903,False,False
17,2020-04-24,50,RJ,Rio de Janeiro,3304557,city,4091,60.88792,64,347,25,0.0848,6718903,False,False
17,2020-04-23,49,RJ,Rio de Janeiro,3304557,city,4027,59.93538,371,322,19,0.08,6718903,False,False
17,2020-04-22,48,RJ,Rio de Janeiro,3304557,city,3656,54.41364,69,303,20,0.0829,6718903,False,False
17,2020-04-21,47,RJ,Rio de Janeiro,3304557,city,3587,53.38669,344,283,26,0.0789,6718903,False,False
17,2020-04-20,46,RJ,Rio de Janeiro,3304557,city,3243,48.26681,117,257,12,0.0792,6718903,False,False
17,2020-04-19,45,RJ,Rio de Janeiro,3304557,city,3126,46.52545,67,245,8,0.0784,6718903,False,False
16,2020-04-18,44,RJ,Rio de Janeiro,3304557,city,3059,45.52827,113,237,18,0.0775,6718903,False,False
16,2020-04-17,43,RJ,Rio de Janeiro,3304557,city,2946,43.84644,287,219,24,0.0743,6718903,False,False
16,2020-04-16,42,RJ,Rio de Janeiro,3304557,city,2659,39.57491,140,195,28,0.0733,6718903,False,False
16,2020-04-15,41,RJ,Rio de Janeiro,3304557,city,2519,37.49124,126,167,27,0.0663,6718903,False,False
16,2020-04-14,40,RJ,Rio de Janeiro,3304557,city,2393,35.61593,71,140,25,0.0585,6718903,False,False
16,2020-04-13,39,RJ,Rio de Janeiro,3304557,city,2322,34.55921,326,115,9,0.0495,6718903,False,False
16,2020-04-12,38,RJ,Rio de Janeiro,3304557,city,1996,29.70723,91,106,8,0.0531,6718903,False,False
15,2020-04-11,37,RJ,Rio de Janeiro,3304557,city,1905,28.35284,97,98,6,0.0514,6718903,False,False
15,2020-04-10,36,RJ,Rio de Janeiro,3304557,city,1808,26.90915,175,92,10,0.0509,6718903,False,False
15,2020-04-09,35,RJ,Rio de Janeiro,3304557,city,1633,24.30456,184,82,9,0.0502,6718903,False,False
15,2020-04-08,34,RJ,Rio de Janeiro,3304557,city,1449,21.56602,198,73,14,0.0504,6718903,False,False
15,2020-04-07,33,RJ,Rio de Janeiro,3304557,city,1251,18.61911,141,59,12,0.0472,6718903,False,False
15,2020-04-06,32,RJ,Rio de Janeiro,3304557,city,1110,16.52055,42,47,5,0.0423,6718903,False,False
15,2020-04-05,31,RJ,Rio de Janeiro,3304557,city,1068,15.89545,86,42,4,0.0393,6718903,False,False
14,2020-04-04,30,RJ,Rio de Janeiro,3304557,city,982,14.61548,115,38,2,0.0387,6718903,False,False
14,2020-04-03,29,RJ,Rio de Janeiro,3304557,city,867,12.90389,69,36,5,0.0415,6718903,False,False
14,2020-04-02,28,RJ,Rio de Janeiro,3304557,city,798,11.87694,101,31,11,0.0388,6718903,False,False
14,2020-04-01,27,RJ,Rio de Janeiro,3304557,city,697,10.37372,111,20,2,0.0287,6718903,False,False
14,2020-03-31,26,RJ,Rio de Janeiro,3304557,city,586,8.72166,33,18,5,0.0307,6718903,False,False
14,2020-03-30,25,RJ,Rio de Janeiro,3304557,city,553,8.23051,37,13,0,0.0235,6718903,False,False
14,2020-03-29,24,RJ,Rio de Janeiro,3304557,city,516,7.67983,27,13,4,0.0252,6718903,False,False
13,2020-03-28,23,RJ,Rio de Janeiro,3304557,city,489,7.27797,58,9,3,0.0184,6718903,False,False
13,2020-03-27,22,RJ,Rio de Janeiro,3304557,city,431,6.41474,63,6,0,0.0139,6718903,False,False
13,2020-03-26,21,RJ,Rio de Janeiro,3304557,city,368,5.47708,37,6,1,0.0163,6718903,False,False
13,2020-03-25,20,RJ,Rio de Janeiro,3304557,city,331,4.9264,55,5,2,0.0151,6718903,False,False
13,2020-03-24,19,RJ,Rio de Janeiro,3304557,city,276,4.10781,64,3,2,0.0109,6718903,False,False
13,2020-03-23,18,RJ,Rio de Janeiro,3304557,city,212,3.15528,44,1,1,0.0047,6718903,False,False
13,2020-03-22,17,RJ,Rio de Janeiro,3304557,city,168,2.50041,69,0,0,0.0,6718903,False,False
12,2020-03-21,16,RJ,Rio de Janeiro,3304557,city,99,1.47345,43,0,0,0.0,6718903,False,False
12,2020-03-20,15,RJ,Rio de Janeiro,3304557,city,56,0.83347,0,0,0,0.0,6718903,False,True
12,2020-03-19,14,RJ,Rio de Janeiro,3304557,city,56,0.83347,1,0,0,0.0,6718903,False,False
12,2020-03-18,13,RJ,Rio de Janeiro,3304557,city,55,0.81859,32,0,0,0.0,6718903,False,False
12,2020-03-17,12,RJ,Rio de Janeiro,3304557,city,23,0.34232,0,0,0,0.0,6718903,False,True
12,2020-03-16,11,RJ,Rio de Janeiro,3304557,city,23,0.34232,1,0,0,0.0,6718903,False,False
12,2020-03-15,10,RJ,Rio de Janeiro,3304557,city,22,0.32743,9,0,0,0.0,6718903,False,False
11,2020-03-14,9,RJ,Rio de Janeiro,3304557,city,13,0.19348,0,0,0,0.0,6718903,False,True
11,2020-03-13,8,RJ,Rio de Janeiro,3304557,city,13,0.19348,0,0,0,0.0,6718903,False,True
11,2020-03-12,7,RJ,Rio de Janeiro,3304557,city,13,0.19348,11,0,0,0.0,6718903,False,False
11,2020-03-11,6,RJ,Rio de Janeiro,3304557,city,2,0.02977,0,0,0,0.0,6718903,False,True
11,2020-03-10,5,RJ,Rio de Janeiro,3304557,city,2,0.02977,0,0,0,0.0,6718903,False,True
11,2020-03-09,4,RJ,Rio de Janeiro,3304557,city,2,0.02977,0,0,0,0.0,6718903,False,True
11,2020-03-08,3,RJ,Rio de Janeiro,3304557,city,2,0.02977,1,0,0,0.0,6718903,False,False
10,2020-03-07,2,RJ,Rio de Janeiro,3304557,city,1,0.01488,0,0,0,0.0,6718903,False,True
10,2020-03-06,1,RJ,Rio de Janeiro,3304557,city,1,0.01488,1,0,0,0.0,6718903,False,False
